# Data file generated by gp_save.m
# magnitude
-6.02457418498832e-05
-4.039147176756052e-05
-2.74980785062784e-05
-1.859595556956404e-05
-2.654730977495286e-05
-3.96887591266796e-05
-6.429975619268855e-05
-8.230409070546578e-05
-0.0001002925321612353
-0.0001037643563398024
-8.329110328968061e-05
-4.905406952053306e-05
-1.002128994423211e-06
4.107278105137665e-05
5.965237401500553e-05
3.449438230281965e-05
-2.065801819488037e-05
-8.823191440530963e-05
-0.0001316215862933587
-0.0001273854389625854
-0.0001033760252124976
-6.970080358063404e-05
-5.17795310571327e-05
-6.889733377970024e-05
-7.396643626164824e-05
-8.770679356463884e-05
-9.290951127195026e-05
-8.533104768130071e-05
-8.295208044528223e-05
-8.642371579679913e-05
-8.512705450937541e-05
-8.825677873409985e-05
-8.731917980074105e-05
-8.690335590947299e-05
-8.671864880795248e-05
-8.364972844221361e-05
-8.467182608934893e-05
-8.29211258097593e-05
-8.573120525613888e-05
-8.513422316214458e-05
-8.840203881545348e-05
-8.698724949123408e-05
-8.692507357249768e-05
-8.635991251739867e-05
-8.615138535995821e-05
-8.743752974868689e-05
-8.729942930497877e-05
-8.970089767723689e-05
-8.807542444943437e-05
-9.070746345411185e-05
-8.934738712280752e-05
-9.170882158539874e-05
-9.25929530935271e-05
-9.156236367810268e-05
-9.291005666323016e-05
-8.992933815479944e-05
-9.015630506509423e-05
-8.843353423047125e-05
-8.857781381460998e-05
-8.920982654556553e-05
-9.098299800092073e-05
-9.258282754307233e-05
-9.449946248718827e-05
-9.577586783834033e-05
-9.534679953267838e-05
-9.580178683787375e-05
-9.493406067396768e-05
-9.570735756849807e-05
-9.595786240701099e-05
-9.67173123538285e-05
-9.624699089730734e-05
-9.714093296036828e-05
-9.706463446092603e-05
-9.730671452578425e-05
-9.872140643675648e-05
-9.81442461935124e-05
-0.0001001753501697121
-0.0001000836542390235
-0.0001007290566830067
-0.0001002311943835606
-0.000100252216091345
-9.900288530946559e-05
-9.812015718614495e-05
-9.757765669627415e-05
-9.6371985767019e-05
-9.837228347174094e-05
-9.834656456107832e-05
-0.0001014245711709998
-0.000100827477358646
-9.993514326455648e-05
-9.878976847702859e-05
-9.551451750056475e-05
-9.577283486883219e-05
-9.52435740315152e-05
-9.826445829719558e-05
-9.921927614136181e-05
-0.0001008166545597111
-9.990636150674491e-05
-9.965558074081856e-05
-9.857157617522643e-05
-9.849297352809072e-05
-9.898337250434224e-05
-9.763071039780219e-05
-9.79234435172686e-05
-9.592300346618939e-05
-9.714017496001468e-05
-9.716880547941402e-05
-0.0001007914964046665
-0.000100254209069239
-0.0001023468835963488
-0.000100060077319676
-9.896943592978098e-05
-0.0001005468160884089
-9.831706285893323e-05
-0.0001020191426806345
-0.0001001418374034273
-0.0001016545287899806
-0.0001003094085751765
-0.0001004805670898564
-0.0001001979425270516
-0.0001009244615453675
-0.0001024155833513609
-0.000102161303521932
-0.0001023179622561834
-9.834740190349541e-05
-9.662979734378622e-05
-9.237129298625045e-05
-9.155059232734831e-05
-9.033333335228577e-05
-9.416296893422883e-05
-9.58238213203599e-05
-9.998703490171672e-05
-0.0001029174034073932
-0.0001025560817957965
-0.0001013380301945907
-9.204419936143646e-05
-8.815650279707203e-05
-8.077935014383817e-05
-8.259828403580239e-05
-8.329062661163282e-05
-8.821117061171937e-05
-9.420161707522058e-05
-9.96364971768381e-05
-0.0001056426616549174
-0.0001089382073636172
-0.0001078373200213742
-9.397370415562288e-05
-7.360641209060047e-05
-4.375377286140894e-05
-2.238675149845955e-05
-1.552218068716994e-05
-2.654336697078541e-05
-5.369012943672552e-05
-8.603121275188965e-05
-0.0001138256709532184
-0.0001393316257269538
-0.0001428301259575775
-0.0001191139166435601
-7.53919202927553e-05
-1.65159135698728e-05
4.119299678971186e-05
5.930540287057046e-05
2.761650661601505e-05
-4.394958416983011e-05
-0.0001220099426014766
-0.0001690700334111392
-0.000155059875415031
-0.000126654427852167
-7.988446154871164e-05
-6.807401536548432e-05
-9.241506621252375e-05
-9.647451265232616e-05
-0.0001173395903839456
-0.0001163028885907692
-0.0001109520481804242
-0.0001047176016138613
-0.0001117524852828092
-0.0001050573585704868
-0.0001104741877476696
-0.0001068256545763595
-0.0001091625194565889
-0.0001105432541807341
-0.0001082687175463244
-0.0001128920947774328
-0.0001065506872811814
-0.00011205355110562
-0.00010633027529784
-0.00011283820170425
-0.0001096074521287388
-0.0001113505415799976
-0.0001097408760973113
-0.0001105530283125334
-0.000112541414435735
-0.0001129154477221841
-0.0001174782217292487
-0.0001141114464266657
-0.0001190036764717087
-0.0001108030048064607
-0.0001154831842502233
-0.0001103863385421799
-0.0001153536182029323
-0.0001160627083340538
-0.0001158907073127377
-0.0001173906286044428
-0.0001113634072287935
-0.0001143356373327829
-0.0001070415675762598
-0.0001129777387487565
-0.0001094148018693814
-0.0001156339443733746
-0.0001159600247785051
-0.0001174238362383999
-0.0001179891090255212
-0.0001159222245201338
-0.000118291115576905
-0.0001143131348479743
-0.0001173177608950294
-0.0001133756536219421
-0.0001169765996538923
-0.000114871673413518
-0.0001190365791631329
-0.0001189057661746626
-0.0001212968069761999
-0.0001207616597268441
-0.0001194843873250104
-0.0001196373158561785
-0.0001166738092703689
-0.0001200710759446809
-0.0001158082316007598
-0.0001206983119901671
-0.0001151110176071518
-0.0001190170812814383
-0.0001152170004818327
-0.0001150167893333614
-0.000116506682170862
-0.0001137994845859138
-0.0001203492520654181
-0.0001173741677251207
-0.0001218794664615971
-0.0001166965610021859
-0.0001169420367219475
-0.0001139872668241372
-0.0001152881977965351
-0.0001183348034374814
-0.0001180845857867488
-0.0001201223670584536
-0.0001172735549903138
-0.0001179104836704175
-0.0001156368269291263
-0.0001177154468472359
-0.0001148969554638683
-0.0001160378094006294
-0.0001130440827201091
-0.0001146854053979217
-0.0001130277717218308
-0.0001127237903746022
-0.0001124051424974183
-0.0001091963973606607
-0.0001129724608789052
-0.0001083249547805506
-0.000112641863095576
-0.0001090698177602415
-0.0001127028955913423
-0.000111047204103059
-0.0001132304375593938
-0.0001133229056450039
-0.0001111738325892502
-0.0001128952537322886
-0.0001044198827268708
-0.0001053171827602729
-9.903322137148517e-05
-0.0001020769255441215
-0.000102137998392833
-0.0001065343980436368
-0.0001104579146653844
-0.0001161996655666074
-0.0001204847384225041
-0.0001171480821438604
-0.0001117174229188524
-9.978531967203778e-05
-8.962243936549431e-05
-8.094420998416453e-05
-8.263541733508092e-05
-8.754942915610492e-05
-0.0001027708966620067
-0.0001081817500679807
-0.0001153457765573967
-0.0001182155995492347
-0.0001178097552800973
-0.0001207347399519269
-0.0001206757018673867
-0.000119854902409449
-0.0001040515674228826
-8.898818812434185e-05
-6.233088816133088e-05
-4.192907408292135e-05
-3.406725559518471e-05
-3.994902490101819e-05
-6.887556626930134e-05
-9.879513313644519e-05
-0.00013726118142628
-0.0001657777315146299
-0.0001705025774731227
-0.0001354424401245335
-6.943990803710892e-05
9.98397720022256e-06
8.328692316672643e-05
9.379021440537752e-05
4.261541463167823e-05
-5.819610429933807e-05
-0.0001566878113941027
-0.0002052871560736909
-0.0001776809856060455
-0.0001392883374648197
-7.661040408486557e-05
-7.839870889611195e-05
-0.0001005304490783107
-0.0001072389607047648
-0.0001315951044652427
-0.000125155701238964
-0.0001207967817593976
-0.0001129879964870815
-0.0001244842881527902
-0.0001133648623131877
-0.0001237605705028839
-0.0001146428525306088
-0.0001186924558837935
-0.0001165251635210554
-0.0001124273358646118
-0.0001172706117159544
-0.000110205873064717
-0.0001171526771411434
-0.0001118548807066372
-0.0001234017504820627
-0.0001177928261872343
-0.0001238440254721601
-0.0001198766697367848
-0.0001193121830550535
-0.0001216709645030447
-0.0001203418448902365
-0.0001230066055418051
-0.0001192549401140155
-0.0001243733205417022
-0.000116101374064424
-0.0001230055964075811
-0.0001166720773296777
-0.0001230222047288199
-0.0001226055995703681
-0.0001247127417938644
-0.0001237500304373237
-0.0001202598701384907
-0.0001221507979098408
-0.0001138524804342997
-0.0001236083942382379
-0.0001146548518775395
-0.0001251318226808026
-0.0001214404102099574
-0.0001245025817546707
-0.0001234491896635094
-0.000119625418459348
-0.000122768763064914
-0.0001163558433709593
-0.0001259121877074882
-0.0001213398736495166
-0.0001282123639777015
-0.0001248490512823784
-0.0001256078852703551
-0.0001229170650002678
-0.0001238314104120751
-0.0001234166577181602
-0.0001224173455473166
-0.0001224957268887814
-0.0001168560716927468
-0.0001185902094627562
-0.0001137126705833991
-0.0001205902144617209
-0.0001156588238250852
-0.0001233860118998273
-0.0001171624110845011
-0.0001182894256426646
-0.0001164215961776385
-0.0001092368109197847
-0.0001111808251003693
-0.0001029209046760841
-0.0001095409540276684
-0.0001026483280373416
-0.0001109665583997113
-0.0001056132729801482
-0.0001103673249574304
-0.0001110949644396502
-0.0001085892424221512
-0.0001127563845045772
-0.0001075285177033409
-0.0001096637921903957
-9.985302732323614e-05
-9.805302910924162e-05
-8.57044594313785e-05
-8.486169207203061e-05
-8.494238090993021e-05
-9.27716221630629e-05
-0.0001036960556010806
-0.0001144869475845889
-0.0001213593146343461
-0.0001231223164498382
-0.0001171779135624338
-0.0001010685150416039
-9.438177307063639e-05
-7.196456152423593e-05
-7.327928766787996e-05
-7.404010709463591e-05
-9.224007246936384e-05
-0.0001124104825483322
-0.0001305106390887819
-0.000145540831288454
-0.0001258723059816295
-0.0001208782252020024
-0.0001022110876160535
-8.946188707467907e-05
-8.801429128464709e-05
-9.408073753913394e-05
-0.0001005986383617749
-0.0001087558870122769
-0.0001083042799823173
-0.0001003926805112971
-9.46792939268073e-05
-9.72447289779596e-05
-0.0001020811581858947
-8.515916699429078e-05
-7.72785064937116e-05
-8.320653895458471e-05
-0.0001077314194617708
-8.360406355682748e-05
-7.453177230123236e-05
-0.0001032992397717445
-0.0001119779370117746
-9.564064672322056e-05
-6.900796227957669e-05
-6.473249216606715e-05
-3.314679210395314e-05
5.727108974098985e-06
3.285376241263151e-05
4.082721013452099e-06
-4.540567346588761e-05
-8.490262727777995e-05
-0.0001585383732769903
-0.0001653700921907677
-0.000136446752314336
-0.0001012201373563037
-1.720624664598974e-05
0.0001359231229673505
0.0002342023826038906
0.0002102370926621654
0.0001193099757841737
-1.951493514422517e-05
-0.0001421507272347985
-0.0001892471883818753
-0.0001444228080141343
-9.640045158584927e-05
-1.534039041732971e-05
-3.986339375032861e-05
-6.359007112899312e-05
-7.054287275948505e-05
-8.819873213421648e-05
-7.099747732964856e-05
-7.149191609329084e-05
-8.098837021658309e-05
-7.19369348400004e-05
-7.108094943425816e-05
-9.99703945942492e-05
-7.947896909776078e-05
-9.618249730189699e-05
-6.688760754055001e-05
-7.098136248196254e-05
-9.143347883445104e-05
-8.33109660382599e-05
-7.250932312052562e-05
-5.604889507715886e-05
-9.243862632339061e-05
-8.653722391432521e-05
-8.49773456911057e-05
-6.919327321963377e-05
-8.4740657906487e-05
-9.975465297717454e-05
-7.148845145305615e-05
-8.581226452970908e-05
-9.202587797912716e-05
-9.00856706570911e-05
-0.0001223819728399239
-0.0001014882454552904
-7.759170854610227e-05
-0.0001065139753960955
-7.984544906734665e-05
-7.648404209209577e-05
-6.66750820516686e-05
-8.847325632270799e-05
-0.0001032698980383726
-9.591671598568392e-05
-0.0001247024168997779
-0.0001088458011646535
-0.0001188400939825362
-0.0001170007183929112
-0.0001147277188765454
-0.0001253042178634691
-9.917311478649629e-05
-7.80808355297405e-05
-0.0001051617208923688
-0.0001072503319385422
-9.991872512062404e-05
-8.364187954525166e-05
-8.557338943661577e-05
-0.0001234463763414037
-8.796158660746655e-05
-8.720347859549034e-05
-7.755525440069754e-05
-8.063091817243017e-05
-8.947141454778782e-05
-7.356495382037876e-05
-7.138778368274409e-05
-3.529624293484338e-05
-4.586452253392854e-05
-6.100500301250909e-05
-5.323777765097955e-05
-5.605221433903294e-05
-6.909388797474009e-05
-6.076665115961984e-05
-4.708997660781759e-05
-1.899820584181803e-05
-3.400857341302055e-06
1.480068306563767e-05
6.344938850525128e-05
6.325314771585462e-05
4.845878887348559e-05
3.284096164778696e-05
3.100345389454172e-05
-9.162370138361135e-06
-3.621686522462029e-05
-3.802732570438386e-05
-4.48257773998784e-05
-3.67922047351609e-05
-2.876200923199068e-05
-1.874029590917345e-05
-4.316983861148824e-05
-6.326544316209957e-05
-8.871798489511038e-05
-9.968726965373442e-05
-9.041898995915595e-05
-7.905517985723733e-05
-9.381823358782964e-05
-0.0001037938816642816
-8.749421083229106e-05
-7.911710847739488e-05
-7.100814163555522e-05
-9.960892857414851e-05
-8.02577648620957e-05
-7.037610767157091e-05
-0.0001044535700777898
-8.508706828112745e-05
-7.342028179860053e-05
-7.458949102093035e-05
-6.408228441239896e-05
-7.073369269977008e-05
-6.183324077564412e-05
-6.074738627695886e-05
-5.42034896548139e-05
-6.31695035534596e-05
-9.655931689795106e-05
-3.988722012758626e-05
-1.976517876980667e-05
-1.853058645586042e-05
-1.639234252576256e-05
9.50831445385224e-07
1.459505988199109e-05
1.780259917823556e-06
-1.96001493104284e-05
-8.786268305639516e-05
-7.011338328616574e-05
-5.221797735181688e-05
-6.295221797885509e-05
-5.083836234660279e-05
4.083924902592691e-05
0.0001338411636911895
0.0001567813994335377
0.000111452901044542
2.080225614835133e-05
5.068160466735506e-05
-3.16758892932467e-05
-0.0001824364496598503
-0.0001441352883538112
-7.778765839455037e-05
6.255740301752521e-05
0.0001803456486982857
0.000256722502093882
0.0003995080106050939
0.0003963614607451812
0.0001539990612576664
-5.536556512542434e-05
-0.0001936590863426129
-0.0001935925565193768
-0.000103579187522364
6.939371437838203e-06
0.0001121297891493613
3.070297677469163e-05
7.941857813582008e-05
2.507118777530619e-06
-8.791271214376451e-05
-3.566230170339994e-05
-3.118289838053821e-05
-5.251690611224755e-05
-6.567008784565554e-05
-4.018357823135744e-05
-2.055915758070248e-07
3.274580259844011e-05
-6.274795546501666e-07
-3.285570846364713e-06
-2.842129968137131e-06
3.060010876790669e-05
4.017775547367662e-05
-1.477017547469797e-05
-9.97044751777953e-06
6.542850441172449e-05
8.96280162943031e-05
6.638020092345315e-05
6.593667138544248e-05
4.20562469992966e-05
6.919353355818186e-05
1.970225478400328e-05
-4.749718846469869e-05
-1.310909103438406e-05
-3.456148289084193e-05
-3.857623727338076e-05
1.807490855219469e-05
6.850301843671071e-06
4.289421925522959e-05
0.0001046424926531302
4.865835656004524e-05
6.370631245754866e-05
3.904929050266356e-05
-7.270142812162038e-05
-2.608477013638001e-05
1.281687784750157e-05
-3.071293126712011e-05
3.99243411284265e-05
7.676901826320121e-05
0.0001183765703793614
0.0001942052105437225
0.0001425302529569523
9.97738467712856e-05
8.598864992449427e-06
-3.635082804651414e-06
3.003900820412832e-05
-1.493727047816946e-05
-5.319454369650756e-05
-7.150125072573392e-05
6.240924666910277e-06
2.097438684769151e-05
-5.388116729339458e-06
-7.306616166634448e-06
-1.501798336039884e-05
4.163022547022133e-06
2.504755655830676e-05
7.817340058623667e-06
1.939203989383888e-05
2.054120035475014e-05
-1.258136132774438e-05
5.624587781150534e-05
4.319093728491904e-05
-4.261708852769448e-06
1.35894045150623e-05
2.597376550621551e-05
3.471408484286137e-05
3.553335513329293e-05
4.27736061168805e-05
-2.945082624526918e-06
-4.72698144186431e-07
1.908537717777945e-05
-1.812667032848109e-06
1.996459048242198e-05
3.316514875357537e-05
3.321250885970899e-05
7.530616265012965e-05
6.170401662726812e-05
4.502935599899016e-05
0.0001174960911385811
0.0001148622629783009
7.904728288442085e-05
0.0001114897438035723
0.0001168412707071522
6.711478669993498e-05
8.275514770323031e-05
8.074848049250461e-05
4.821142183875668e-05
7.917162743910492e-05
6.792079508050602e-05
6.358695924100444e-05
7.910959532186986e-05
5.656880761162272e-05
3.019167907423235e-05
5.178865247096533e-05
3.832599711665026e-05
3.38083790501689e-05
6.838697506152128e-05
2.99743433611997e-05
4.017484310216162e-05
0.0001092241446177621
0.0001086966213285496
5.600079498322576e-05
0.0001063019013116074
5.302121356797516e-05
-4.796958066034445e-06
6.305819101756229e-05
2.017148988659914e-05
2.67763371430892e-05
4.890309184052123e-05
-1.418947727673658e-05
-2.601417692553132e-07
5.434357673926783e-05
7.627711231207448e-05
0.0001386924169430238
0.0002192752031524923
0.0002580694079229385
0.0002576110835069584
0.0002143057322543538
8.087528792508268e-05
-1.474346837283837e-05
-5.697450748276117e-05
-0.0001356338163291915
-6.369884317973134e-05
0.0001106891297032044
0.0003513242088924534
0.0006247378966946705
0.0006755396335847725
0.0005429899408764605
0.0003227048980822306
0.0001008637926681345
-0.0001784711894828615
-0.0001133357819300693
2.684865731402695e-05
0.0001861716982213938
0.000258620553235286
0.0001310205922781943
0.0001412169916179683
6.291598941665552e-05
5.762963869212162e-05
2.553233984570044e-05
3.723615185560003e-06
5.689905695330654e-05
8.64369329710492e-05
6.55427021100568e-05
0.0001078781302568825
0.0001405090756535689
0.0002477939293519468
0.0001588566619451008
3.598180116001373e-05
0.0001662028806841255
0.000121554846922803
0.0001110468912942591
5.009457763472363e-05
4.523973636384002e-05
4.15370029473147e-05
8.576232675524643e-05
4.807525512797233e-05
-4.997042358301991e-05
5.932138447113556e-05
6.502128022866621e-05
8.197835436823681e-05
1.644914939805138e-05
1.814229949581791e-05
-1.856326736543553e-05
3.553968947885229e-05
-2.130754558722763e-05
-0.0001059807008830386
-2.633034238564429e-05
-2.451244734908311e-05
2.599638161251809e-05
-3.0642954608535e-05
-1.596932371730346e-05
-7.165591938207842e-05
-2.266306348973569e-05
-8.083201710500783e-05
-0.0001227209034496857
-3.701074734169249e-05
-0.0001438685850747184
-0.0001214996887172731
-2.387738593138401e-05
-8.605000754098274e-06
-1.863348631058642e-05
3.013146672145771e-05
-6.407906757231769e-05
6.566325920788236e-06
-4.302758442186738e-06
-9.592497680603016e-05
-6.581185798789537e-05
-2.80633981407123e-05
-2.017584078098617e-05
-4.666262756655185e-05
1.685442006684458e-05
7.697848130734272e-05
0.0001876141251351524
0.0001286637357530026
0.0001259102968383762
-6.38790785664731e-05
-8.166264622062559e-05
6.003394449321231e-05
3.242014419537858e-05
-8.099030014334068e-05
-0.0001328221755531789
0.0001661313552371107
0.0002190025816683524
0.0002613671929063613
7.127960433829284e-05
-2.396417733254175e-05
-0.0001280875181435707
-0.0003020109058403676
-0.0004866497543817227
-0.0005905925905755204
-0.0002957291443359957
-0.0001615489847386213
0.0001701482002503714
0.0002311579489046095
0.0002848760976243441
0.0004256457162065285
6.568905367627545e-06
-0.0005142802039032868
-0.0005520604375926611
-0.0007801650803636389
-0.0005265398307110557
-0.0007057641494673797
-0.0009544399806809946
0.0001184997894489304
7.175364424484819e-05
0.0005696464350732065
0.0008614092584244642
0.0005781362638373459
-0.0001072426932722717
-0.002012024724268815
-0.003056420853918292
-0.002744406573237629
-0.002464725768056807
-0.002089922458522066
-0.0001332858730857166
-0.0004145866128048603
0.001478450210029463
0.004612380594193883
0.001578229899656096
-0.0004631100650374161
-0.003360645099239919
-0.008438565745975277
-0.006302815988649587
-0.005749091187583147
-0.002334122585776043
0.00680304669885434
0.003551367249507133
0.002562670522644704
0.002001973066532244
8.52232281593446e-05
0.004541460237886982
0.003079639418179953
0.00207087629131966
-0.00160965997599542
-0.00179383834074304
0.0008513207873332807
0.0009988156397024914
0.003618467129236072
0.001424409207240647
0.00166837491000515
0.00286917993679133
0.001877050768034657
-0.0001615605967897677
-0.002197736756874796
-0.001314228541987413
0.0004452186744460813
0.002385264710753464
0.00136720111697507
-0.0004489132179019731
-0.001279514888531772
-0.0003578339570345776
0.0006253821773633733
0.0005316292162235963
-5.852647502469031e-05
-0.0003557266015267737
0.0002214237534981805
0.0001758268914304187
0.0001033353373191756
-0.0003395374477408111
-0.0001592058153182651
0.0001534958846784889
0.0003311466492912293
2.661615887018685e-05
-0.000276546450341622
-0.0003447282578796024
-0.0002317779390070042
0.0003626631744507595
0.0001695541369033444
-6.113984484891087e-05
-0.0003060766361474774
-0.0001931174641888511
-0.0001137109079897713
-0.0001012882371510714
-0.0002681736338768462
-0.0002513428962095915
7.267735277335753e-05
0.0002511619154968903
0.000302977717034428
6.836513251709403e-05
0.00016650634174063
0.0001662653304531566
0.0004088105166181985
0.0002118273157402635
5.133432404940596e-05
8.452376247206487e-05
7.067288201091246e-05
0.0001756543621686554
0.000181061016022882
0.0002449110481223866
0.000251480738496099
0.0004840992041228425
0.000331674867321591
0.0003162912448006201
0.0001602256030024734
0.0001043263018214602
5.102701936766045e-05
3.876570432315951e-05
0.0001635048495877066
0.0001596230033915053
0.0003790774332716522
0.0003447401079116647
0.000423297573988586
0.0002975198680020495
0.0002161747052135224
-1.562945125645605e-05
-2.466279696549767e-05
5.843394168854768e-05
-2.478085495796708e-05
7.989083262044802e-07
-4.334405597563702e-06
8.41440517331683e-05
8.084896810129967e-05
0.0001766591623241619
3.287164004018183e-05
0.0001453744506640997
-1.04672655738294e-06
-5.87908551390446e-05
9.950970684722631e-05
3.645993255166215e-05
8.202606742895987e-05
4.371483722137423e-05
0.0001303729938454627
0.000199150296511751
0.0003287917893405148
0.0002472130489719407
0.000229288478000988
0.0001609635742905271
0.0002233482183218936
4.420669335964586e-05
-1.606309467218157e-05
0.0001077626300382348
0.0001189756151014119
0.0002708818652233527
0.0002184210067401218
0.0005246760723101697
0.0004318065069076278
0.0003591179022304293
0.0002068249099160869
0.0001521832809482127
-5.548703487223977e-06
-0.0003171600912924748
-0.0004356821256584358
-0.0003925825902324591
3.060633192788719e-05
0.0002406538032400684
0.0007729693467094063
0.0009861716849829459
0.001257089474625946
0.001338715888084917
0.0006235174530350517
-0.0002145866104926246
-0.0005592135442892837
-0.000996386313972778
-0.0008346384616123337
-0.0009849048899662305
-0.0005926173756456172
0.001328951300334958
0.001888122621353977
0.002876679729444988
0.002865765882809128
0.001763599281956977
5.824512936584316e-05
-0.002797416624508259
-0.003937743028168425
-0.00329649826490193
-0.00266448764721055
-0.001826944866125287
0.0003830190862085496
9.729658738312487e-05
0.002542767323261047
0.005768684320632041
0.001927487512618966
-0.0003109653695894834
-0.004033943433103726
-0.009624304555246096
-0.007047936256498537
-0.006610169173805208
-0.001966625504657884
0.007789700338709201
0.003559945929480251
0.003148596239764398
0.002183044487386423
0.0006048368193498808
0.005976138725670916
0.004129103656355411
0.002851814852248841
-0.001906833220800772
-0.001716205053316671
0.0006539761824066086
0.0004833194713271967
0.00338046597924111
0.001060150166330035
0.002298604016768169
0.003843805424334129
0.002930331978861533
0.0001574938419037278
-0.002103418353181906
-0.001019135125348211
0.0009732749665914463
0.003128304308764904
0.001845181391588032
-4.47685969015705e-05
-0.0009909228675770221
0.0002131847341271321
0.001087106407550529
0.001004645980689721
0.000577586689507483
0.0002077819852455851
0.0008034548501518866
0.0008890937138478018
0.0006643254957418724
8.865588616743076e-05
0.0003556996480210241
0.0006574270409651664
0.001062890438948192
0.0007735218351562488
0.0003337640736217525
0.000309956370626098
0.0006922127060023876
0.0009574999381558084
0.0006198225626805195
0.0003840981749621
-4.746196114281674e-05
0.0004606078441954605
0.00058700232524722
0.0006836842342101908
0.0008070883679207946
0.001053896900259834
0.001276441546501389
0.001206010381120715
0.001096964281467284
0.0008516443185750735
0.0009337060639862919
0.0009248081787126778
0.001059436398951581
0.0008353292977650498
0.0008663177411773498
0.0007645347919364413
0.0008174487706900273
0.0007733854401909681
0.0008699565266362725
0.001285222051183655
0.001499810075751882
0.002032052137661094
0.002207328377577539
0.002284477571234788
0.001886911484762369
0.001464661791389683
0.0008671595130818382
0.0003715805572258041
0.0002175379219630802
0.0002484450126582364
0.0009683760454393777
0.001883672992457632
0.00316610699607343
0.00384161056333162
0.003773123912718031
0.002856258385822016
0.001722388288024948
0.0006045044078150055
0.0002865075753887976
0.0009274409809086453
0.001307617025849668
0.001931501973536569
0.001613417402234982
0.001336209130812007
0.0009230153462963791
0.0006284845832052082
0.0006885431795786324
0.001230671933731046
0.001665896112861519
0.001919205323590593
0.00215700576255668
0.001995813386944732
0.001927792859353882
0.001529995527249835
0.001320178978406011
0.001110047597029791
0.001262222977056121
0.001128647682445898
0.001216515925128491
0.001352754861796728
0.001397647357019824
0.001453608818499564
0.00150920326436801
0.002060428505695758
0.001938830558317788
0.001764353616040266
0.001311547883372423
0.001346080378713732
0.001254938192261658
0.001093240771905074
0.001088064126830827
0.001293917427808223
0.001766996719411597
0.001901088824185721
0.002465335013380694
0.002363552905545642
0.002697038853191387
0.00279473602462859
0.002185962698926164
0.00161284284823562
0.001557725473704177
0.001256467410290671
0.0012422693889313
0.0005972341097079018
0.0007258942198966344
0.002903588132059148
0.00367424882154454
0.005779384904086676
0.006300603361752349
0.005215209413050315
0.00246970522334503
-0.001824358688519356
-0.004092783411132851
-0.003654267755513598
-0.002636571196700637
-0.0004825422230306364
0.003075715457851326
0.003186751417990896
0.006855621760117639
0.009331448969695268
0.003653829491267138
0.0004886526491807867
-0.004587334898593386
-0.01060906901156106
-0.006910589190103221
-0.006310132589184097
0.0001690983057605882
0.01053568513220871
0.004904707332797603
0.005253728832789313
0.003154166727727093
0.002127648448900757
0.008383500835311761
0.005858773403200299
0.00405201947795132
-0.001501882512388868
-0.0004846235577138872
0.001774548335705536
0.001942469345353315
0.004942099344644729
0.002247817664667892
0.004067704509945085
0.005545150310991297
0.004187310359499743
0.000916964000388695
-0.001490887215503561
-5.244106199199588e-05
0.002472395912790832
0.004547693864248421
0.002906108101031228
0.0008435958397168243
-7.713919836653635e-05
0.001285231469209679
0.002280198936904662
0.001962333817874906
0.001448769078799121
0.001171232878807639
0.001657473713273987
0.001827011632708511
0.001590279069448475
0.0009549575454038347
0.001251029737610509
0.0016874187590473
0.001866402832231131
0.001488990161620858
0.0009800413304479811
0.0008441414093473511
0.001501005194644093
0.001868825720424475
0.001500657995148771
0.001291862859030261
0.0008809009613904845
0.001242997764178163
0.001254233466977015
0.001057403764556156
0.0009712172008712257
0.001258744278275508
0.001670198065260862
0.001621839382003872
0.001682144423718585
0.001530292920371469
0.001490015544803316
0.001555528285854093
0.001585197676225808
0.001410130597286579
0.001451741138489311
0.001363189197003232
0.001324954401385177
0.001432795080945439
0.001405930895037912
0.001508952715590523
0.001494979807020839
0.001513743402171314
0.001478184112956609
0.001523798226875009
0.001367631433078073
0.001285728705434402
0.001318770157423195
0.001298386685239002
0.001386006742386222
0.001353901837387441
0.00130593976173093
0.001306983129831126
0.001317760247963445
0.001196796166060204
0.001078008489395973
0.001061956385829115
0.001166259978348643
0.001048949966899626
0.001124281360473592
0.001258084532611262
0.001122150927189752
0.001186464031979136
0.001198621759463128
0.001257803619576117
0.001198758932952384
0.001025301521843564
0.0009365463873793918
0.001083476440027855
0.001155901356922396
0.001036213260513605
0.001084893017908955
0.001139087513308178
0.001354653937932017
0.001367583975776819
0.00127952645808079
0.001183105522570353
0.001148411675980168
0.001218162526122445
0.000970673749860311
0.0009566292529125185
0.001015767718718378
0.001070604750048007
0.0009808152543378643
0.00111953963415438
0.001399446591910578
0.001271977844310619
0.001222253498078799
0.001135398792628623
0.001095354882243247
0.0007517902187208787
0.0003410026982212302
0.0001456502768183237
0.0003050188000867201
0.0005927877095452991
0.0008562083192465851
0.00114129818409282
0.00113976020904058
0.001429020723763126
0.001563721978971868
0.0006235543830632426
-4.662953883895904e-05
0.0001116960650218027
-0.000141867474614191
0.0001724856295304083
-0.0004781253295797401
-0.0001471127282958669
0.001140219543741676
0.0008834971318428186
0.001986951981847828
0.002050609673362966
0.001373530349367123
-0.0001696141916731256
-0.00295843645117135
-0.004165884853253374
-0.003473975777922017
-0.003225322057325522
-0.001767739930096297
0.0008998223569272408
0.0002506191975557122
0.004670143902623355
0.007637685630064221
0.001602223539076164
-0.0007950807989040122
-0.006487265042610423
-0.01305860929734796
-0.008663526462431672
-0.008699406233921457
-5.982906437717405e-05
0.01089863249756067
0.003872021212031474
0.005123305455783268
0.002140903012401062
0.001764191218067924
0.008694376325510688
0.00538603296797667
0.002913720823462626
-0.003480741623318846
-0.001221167827916846
0.0008630113798042233
0.001081922279131005
0.004388113138085688
0.001243365025547403
0.003731512542493937
0.005159173119955887
0.00338594698556275
-0.000756424960227017
-0.002956674142196839
-0.001156567495267422
0.001672541158960102
0.004074557593725718
0.001803111280195058
-0.0005957110987114794
-0.001373399355995955
0.0002985455843703147
0.001039917103466164
0.000929199393999012
0.000179177286835067
-9.453500930299483e-05
0.0007667694255586483
0.0008256225668517801
0.0003584843909094912
-0.0004076259044826687
0.0001117029081006676
0.0004794410905058936
0.0009365466845886136
3.163492269811501e-05
-0.0004807150786129771
-0.0001882415343444718
0.000239527579379326
0.0006977916359402004
0.0003301577656183311
-8.102657754203983e-05
-0.0002567971096905169
9.325275962223474e-05
-0.000315428849578238
-0.0001387540715520518
-0.0001989695700527982
2.267956410599197e-05
0.0002606145880448241
0.00060181218858578
0.0006684454352253819
0.000181666239872704
0.0004232332738570289
0.0001264354608135799
0.0003636454156328611
0.0003052593005067285
0.0001129803505352997
-0.0001126751612391949
0.0001406087993674869
0.000262219227138631
0.0003148951473683404
0.0003762714939037363
4.85470284844407e-05
0.0003592540506009427
0.0002340618141821844
0.000272780792276863
-3.158631988792853e-05
1.9650731557465e-05
-6.29318635071398e-05
0.0001135101324082035
0.0001975490156062316
-1.663439981488471e-05
0.0001016975934099502
-0.0001127441633832843
1.437090278049717e-05
-0.0002422457535102762
-0.000167855084860326
-0.000345486835555414
-0.0002866131744832392
-0.0001477955919559906
-8.462608883405995e-05
-0.0001869256579928762
-0.0001689314179291268
-3.143283752233539e-05
-0.0002046420283689777
-7.52939639260538e-05
-0.0005001783704878333
-0.0004391580593627125
-0.0002916609958185509
-0.0002033553310031008
-0.0003908084969797971
-0.0002973106010637615
-0.0002517084551461638
-0.0001336142843361328
5.279362602975204e-06
-0.0002127161554322943
-7.939075613445164e-05
-0.0002904998821052118
-0.0001094236708451766
-0.0004488130137149503
-0.000320211759579494
-0.00040433360511844
-0.0004512763656889867
-0.0004100201702184093
-0.000338974785450181
5.229031604318748e-05
-0.0002258994390975528
-6.07759753380777e-05
-0.0003162416188479493
-0.0002523908809632987
-0.0006999200821011754
-0.0009993186098003911
-0.001340879369298666
-0.001224740959677492
-0.0007845845396936481
-0.0006934361456757741
-0.0001978586329423718
-0.0003194634772871424
0.0002220363342537334
0.0002233394707737951
-0.0008386844009031803
-0.001546143886604999
-0.001372476574804229
-0.001677991849020167
-0.001311295817999636
-0.002041254018415649
-0.001508258145407706
-3.16098171135181e-05
-0.0004267655148969598
0.00116217872787461
0.0007605838295326433
-0.000134248443979529
-0.002073874651506822
-0.00531116057629827
-0.006641090836403498
-0.005780121534639321
-0.005384816266589207
-0.003420829828137287
-0.0003773854607939737
-0.001138719760876016
0.004771164025599902
0.006976832645154606
-0.0004754380450513811
-0.003040041374653597
-0.01039211917363083
-0.01720159772814416
-0.01173573726236716
-0.01189988340756594
-0.0001314224759326443
0.01110944201298246
0.002191948376487062
0.004762462958549424
3.931455505686812e-05
0.001127608151513285
0.0086750634026048
0.004274776604193776
0.001133786088119907
-0.006340384711992835
-0.002304785442006383
-0.0008682584495672556
-6.154979439379245e-05
0.003245640889618743
-0.0003991808188395856
0.003112101921889537
0.004396445395379275
0.002050389214803796
-0.002879626076548492
-0.004917446200371781
-0.002627276537281948
0.0008429471302658198
0.002911500220992998
0.0001367107638980652
-0.002478356968128221
-0.00306571789853416
-0.001113571261205556
-0.0002581105888478875
-0.0005753960417111148
-0.001516362536427894
-0.001554798281523088
-0.00080033475186441
-0.0006143151265662234
-0.001461569113997585
-0.00212725245279084
-0.001379393725951361
-0.0009750246194543728
-0.0008805014550825858
-0.001801729664049275
-0.002040306005447782
-0.001871832269204552
-0.001163711676179419
-0.000975667635971281
-0.001388878655086493
-0.001659540553713794
-0.002129589223088628
-0.001878269505175606
-0.001914507038782653
-0.001963067108974158
-0.002017678071229682
-0.001683472870254829
-0.001350675594820021
-0.0009019827214723121
-0.001097178013962962
-0.001436901369086828
-0.001501491107448959
-0.001507046488261848
-0.001277486288672565
-0.001550847279952855
-0.001659103736341332
-0.001876325837261645
-0.001426945916280414
-0.001322852814112883
-0.001361595657928376
-0.001434106130469639
-0.001601971322340953
-0.001502253240906779
-0.00147534271505147
-0.001508772972462358
-0.001902895945742131
-0.001781632971381594
-0.001704961571415479
-0.001362676124437877
-0.001416654199144289
-0.00169002006924145
-0.001765765063772374
-0.00176342086426703
-0.001959482340153492
-0.002193383747503658
-0.00208114247668586
-0.002317167558256278
-0.0019879146989471
-0.001834539770595132
-0.001895966590691914
-0.001919118631230976
-0.001847944197402976
-0.00188148905985679
-0.001807800558461054
-0.002120964700441657
-0.002354375341000138
-0.001974942970334339
-0.002053974270638033
-0.001942998622829583
-0.002168816238185834
-0.002100291503171286
-0.001963004228724946
-0.001802560171538662
-0.001844191224457692
-0.001908093363869838
-0.002015768683506776
-0.001881277440528513
-0.001718499976440446
-0.002352120665642037
-0.002281889968944555
-0.002170124804296597
-0.001831395647769794
-0.002253643590608849
-0.002158505473412137
-0.00178991552802367
-0.001793207418725567
-0.001675806063641888
-0.002143182679345653
-0.002045004793666075
-0.002404671913996541
-0.002861164539401082
-0.003248836458801259
-0.002962930894483669
-0.002853238354234385
-0.002443311327699419
-0.001948220495091777
-0.002168786159171203
-0.001593602205600847
-0.00144350480283775
-0.00274601985729745
-0.003337979767122279
-0.002962171500791509
-0.003442495618308909
-0.003154335590110694
-0.004309369970804196
-0.003329812054094145
-0.001920360623565498
-0.002120697693917162
-0.0006389801313290212
-0.001215267921126077
-0.002184070111265953
-0.004973714289480477
-0.00848246079113342
-0.009758388369590115
-0.008736956143772309
-0.008202610012298928
-0.00508460286320696
-0.002254153117981381
-0.002656640952600959
0.004914426620423623
0.005770673030655316
-0.00306175362845211
-0.005687080932185042
-0.01545786551554056
-0.02224777671965157
-0.01548180541706844
-0.01574160820833582
0.0007248884364904196
0.01087104761495941
0.0003186220922362503
0.00464048990838006
-0.002385648458290004
0.0006743638249784649
0.008809196658011416
0.003184373793046756
-0.001660380019591827
-0.009492570650778397
-0.003479000946575122
-0.003002314430761056
-0.001015778660686501
0.002057154507633969
-0.001988614214568892
0.002914838813234736
0.003535683203602046
0.0001865677272974057
-0.00569738838688901
-0.007537694530741855
-0.004614103309971021
-0.0001417676426907837
0.001805686222646384
-0.002395269741339878
-0.005062558974956938
-0.005189166515253239
-0.00303568312057201
-0.002112361314251139
-0.002528759955196923
-0.003556975852879961
-0.003212423626282263
-0.002744621184219677
-0.003010187988361547
-0.003538199909076311
-0.004356473383747069
-0.003641458069761239
-0.003026558414568243
-0.002835940122963639
-0.003792581812204115
-0.003975976359054801
-0.004047631524175766
-0.003513067314039421
-0.002844820233009513
-0.003719671037392584
-0.004348082049252496
-0.004261056103584639
-0.003964683804765987
-0.004054270818244671
-0.003877557584092833
-0.004154228527998867
-0.003682663699079743
-0.003077543642896502
-0.003010921676162711
-0.003434837654741989
-0.003703104427223416
-0.003607937843788208
-0.003652326952714499
-0.003333373974391402
-0.003848030852882427
-0.003725169184767142
-0.003507724040796173
-0.003483254088093843
-0.003347115569928386
-0.003428153011313393
-0.003681266175987471
-0.003770853145274728
-0.003541299249513121
-0.003810047726970593
-0.003797409464662877
-0.003803459360969721
-0.003760669826075603
-0.003739301670005843
-0.003634283092389184
-0.003773445392605275
-0.003913084954237128
-0.00413771258661578
-0.004378953881251401
-0.004119787140435508
-0.004421060558274454
-0.004375378114618425
-0.004172378474555844
-0.003982684405056626
-0.003952480482551202
-0.004043947623619307
-0.004073195663274931
-0.004063343525700168
-0.004198898220195362
-0.004564417423929371
-0.00431502377853202
-0.00435505038189382
-0.004204810247965218
-0.004197255589358022
-0.004288143187451482
-0.004080423466573246
-0.004115396700469719
-0.004038793196988917
-0.00416237240888035
-0.004146874146836454
-0.00401420956493343
-0.003716230316140276
-0.004055216248046986
-0.004706697028236584
-0.004531165891855262
-0.004285481385271306
-0.004501819429337602
-0.004831963032354874
-0.004532483011528631
-0.00416009811844528
-0.003878517508732482
-0.004008148343963944
-0.004318000111335078
-0.004424528809445688
-0.004869376589742389
-0.005457353298689962
-0.005874357892827384
-0.005669339960466552
-0.005489125910887386
-0.00488735453621225
-0.004518534043849131
-0.004782756701178482
-0.004058166776109678
-0.004208171255824081
-0.005875740477799665
-0.005975310659593254
-0.006079553181269706
-0.006373415164121564
-0.006306560911660476
-0.007615477690139122
-0.005637102723808684
-0.004515081391487091
-0.004506208092379156
-0.002579421493354636
-0.003564046032013364
-0.005336863394810676
-0.008678495010760708
-0.01301325209506467
-0.01458246548720203
-0.01322983965467953
-0.01236335326905265
-0.008357494286298296
-0.005328219985780261
-0.004864183815858262
0.004664606688164248
0.00413135511628897
-0.00656660980282427
-0.009317254625030639
-0.02241426608697119
-0.02872821373854883
-0.02128942364390743
-0.02144376531052445
0.0002824446697161609
0.007810101874509486
-0.003336734149290023
0.002749485042520712
-0.005963918301950512
0.001644599236905956
0.01005843905988371
0.002772397493288098
-0.004681441965842572
-0.01395043051368184
-0.006506986330822752
-0.008064931491918734
-0.00486985315710353
-0.002565127864257447
-0.004858056851411897
0.00334964731848526
0.00298898112087383
-0.0007870070309843729
-0.007392750373789535
-0.008301060500576557
-0.004935654828747647
0.0001450160755714709
0.0008116395877008566
-0.005407857327141322
-0.008365204911149506
-0.007387366572034835
-0.00410330411593056
-0.004537818901786328
-0.004647629181990764
-0.00482225345038264
-0.00450639233638178
-0.004606778408022707
-0.005175469397327367
-0.006712778747427716
-0.00743511532258921
-0.005485717342364752
-0.00501618203896641
-0.005210833778438703
-0.00663241948001566
-0.006866113607638845
-0.0067581694654561
-0.005330446537001416
-0.005952528895333271
-0.006901041989271661
-0.006624503217075313
-0.006803241501170685
-0.006110809641840542
-0.006653190782619842
-0.006697919681147122
-0.006958638129644527
-0.005801692555314765
-0.005603189847968908
-0.006031762185476664
-0.006415725747867274
-0.006442943025538607
-0.005956288571853509
-0.006026040157816474
-0.006159091824632972
-0.006469706149722144
-0.00578397385954665
-0.006330454882829659
-0.006075495218804555
-0.006358783616230416
-0.006393178727105826
-0.006317320613486687
-0.006231626538959759
-0.006069540328147971
-0.006252547275707471
-0.005620956099955711
-0.006081425781438025
-0.005854344199260679
-0.006166568564605635
-0.006102961164111909
-0.006561928026120665
-0.006920073337048426
-0.007002050378296346
-0.006990462384297438
-0.006965176615127575
-0.006975153943190641
-0.006407869585106868
-0.006622261965609835
-0.006004381279798249
-0.00650189401721896
-0.006350862824977503
-0.006446666364985712
-0.006589709984701229
-0.006878925618670118
-0.006740915777849609
-0.006439932856132479
-0.006772932040650955
-0.006371184171771426
-0.007147215029553227
-0.00649593615635951
-0.006724254954160271
-0.006712745011897931
-0.006815771047030164
-0.006691518386687787
-0.006279592384978033
-0.006247396383736576
-0.006307476747883587
-0.007323355852720836
-0.0070302368998746
-0.007163852460730366
-0.006926661040681175
-0.007779895934423561
-0.00758816000370994
-0.007115475183557145
-0.006506333851433991
-0.006526732872608871
-0.0073660333720609
-0.006813598337131668
-0.007420087423997656
-0.007920469584776404
-0.00869725327421284
-0.008228705697812332
-0.008375722853221662
-0.007680451350161552
-0.007447378408479218
-0.007797595623262823
-0.006818943437234191
-0.006943153571381169
-0.008217742372852457
-0.008690317132553506
-0.008243245650157032
-0.008485822636581066
-0.008354626574140258
-0.01037743085313196
-0.0082045994616588
-0.007578758445632565
-0.007379668071475593
-0.005360331980430151
-0.00741358785879805
-0.008898928721271371
-0.01330317566328096
-0.0173970590717544
-0.01852984029793483
-0.01648419951979573
-0.0149296341399517
-0.009249463056368453
-0.006969466430447244
-0.006162532148860289
0.005202494095837689
0.0004121401564247112
-0.0123599225883887
-0.01637498890434397
-0.03268885771880677
-0.03570556938486506
-0.02521040059962171
-0.02283205535751461
0.006792854862915899
0.009860671864189569
-0.002884772796005961
0.002805502990872057
-0.01219242430762357
-0.0005042488063486067
0.00605700775350415
-0.002737574956655598
-0.009960918719250861
-0.01589950928762961
-0.00481936851785394
-0.006390655872632089
-0.0001964586258170306
9.411350595071868e-05
-0.003539805506424693
0.004187868573477943
0.002097383868952837
-0.006113315245016302
-0.0138094506052317
-0.0124862709219836
-0.007995078408628129
-0.002284250959091967
-0.001747999952227978
-0.006681416572289563
-0.01008762296438414
-0.009603698086971103
-0.00695876936516888
-0.006825131686295989
-0.00753831756958041
-0.008351074191680069
-0.007704472805114782
-0.007725041791880273
-0.008011601430002638
-0.009127608440787414
-0.008734659410180567
-0.007837903885214628
-0.007749379534318738
-0.008128950008832818
-0.009007090689977657
-0.00888694347278586
-0.00946978304215575
-0.008511470311988723
-0.008203228095327159
-0.008569140186230905
-0.008967076918563407
-0.009426159730585935
-0.009066644454182846
-0.008640278624135836
-0.008627732029549485
-0.008883688793610829
-0.008640780527835063
-0.008226545034498493
-0.007628734955294759
-0.008072625355280201
-0.008712529296293896
-0.008699849651628599
-0.007895293737228335
-0.00790010058531238
-0.008242520007170065
-0.008375183652541404
-0.008438320778174127
-0.007926234835033852
-0.00796848173314562
-0.008038765421281818
-0.008244829378646521
-0.008073981250413436
-0.007892132075395911
-0.007665575537780601
-0.007966346874916087
-0.008170416728162634
-0.008292556613111103
-0.008325094262622113
-0.00828257943921306
-0.008775100577863447
-0.008730488728919438
-0.009090413404304647
-0.008573952536365394
-0.008597952633822783
-0.008761297592903452
-0.008360076642991153
-0.008404024928979357
-0.008371416622698913
-0.008498405712224105
-0.008935019595164824
-0.009014310803939843
-0.008529612520922462
-0.009176582794554385
-0.009095148959619553
-0.009209361424847675
-0.009067366040020028
-0.008940762375004995
-0.009691216676442928
-0.009538595593819803
-0.009408894150343518
-0.00928592778273853
-0.00930783280824796
-0.008689961765635836
-0.00858440532911196
-0.008728128486016859
-0.008965287799932185
-0.00918128797955577
-0.009099962945857345
-0.009287061898799969
-0.009727834558086764
-0.01002933633423794
-0.00930017503260093
-0.008994407690377073
-0.008460164528311546
-0.008878023616446924
-0.009257724864712907
-0.008572345129490929
-0.008664539558366706
-0.0101919609729787
-0.01099670366348493
-0.01008703364117608
-0.01002578773286473
-0.009503852214932929
-0.009315142405449266
-0.00965558073007626
-0.00879971127583346
-0.008929706362974858
-0.01147396298590609
-0.01128659771304826
-0.01084840423284596
-0.01099149811589684
-0.01116646259987904
-0.01244208053578626
-0.009425657562394923
-0.008768600441417177
-0.007625222351673885
-0.006940187582776964
-0.009860445962156414
-0.01310620485840391
-0.01943060154248856
-0.02415536331815182
-0.02403889045540428
-0.02045825838489065
-0.01675855401768673
-0.009083365590944407
-0.006544023960873667
-0.002592256732199049
0.009746550902972216
-0.001164576746120019
-0.01686117470046512
-0.02233479354130659
-0.04539395531835313
-0.04459990070302002
-0.03204638134073556
-0.02555649657174492
0.01290550231140125
0.01017025479772715
0.001334984681519188
0.006400589047845675
-0.01066862105129182
0.009786940841632629
0.01172491485028113
-0.002926458170309985
-0.01483550135095963
-0.01799623939088174
-0.005376398449024127
-0.0112159332017782
-0.001277230029371568
-0.001566057078577301
-0.003094033638190145
0.005396500999747265
6.400538527788717e-05
-0.008876226172370256
-0.01753044049519836
-0.01524855163405999
-0.009571914339050585
-0.002099383406580997
-0.00430906944818299
-0.01054677182635817
-0.01282195744614205
-0.01217119882894304
-0.00847253365901561
-0.007949090210590409
-0.008578908607641957
-0.01060775994497387
-0.009064186398820503
-0.00846247983664462
-0.008808260415231819
-0.01066328619470422
-0.01082001705313661
-0.008742643049715634
-0.007924622944016232
-0.009517846526585584
-0.01132161353144513
-0.01031953698140211
-0.01074907185629276
-0.008906710815455184
-0.009198380184343597
-0.0101347610531299
-0.01058482474862713
-0.01017058674020726
-0.009804871227377446
-0.01031932320626717
-0.009914701184039613
-0.01014026810430898
-0.008646344333740476
-0.008407987482204142
-0.008358282889148277
-0.00906072497113153
-0.008952782796333388
-0.009073963966231812
-0.008768725129247873
-0.008762895797362264
-0.009371033632521076
-0.008804470698981572
-0.009089197118350628
-0.00875067680655804
-0.009101049236293126
-0.008606461862354843
-0.00931953367159674
-0.009088925574446318
-0.009145389497843772
-0.009282148200360189
-0.009555284776744267
-0.01014134598676914
-0.009759823149351119
-0.01043659412730123
-0.009945543198170422
-0.01042416066308952
-0.009821727143185887
-0.01045436812784006
-0.01003575241665829
-0.009757398800907867
-0.009757472274423888
-0.00941624571865749
-0.01051957644241068
-0.009803364541218452
-0.00977863503269121
-0.00987936268467798
-0.01070038778599896
-0.01023363508387164
-0.01040456877217595
-0.009401676868802866
-0.009714843543181671
-0.010429570224262
-0.01007917012310745
-0.01019440523580664
-0.009016145153322016
-0.01014645015042302
-0.00954624197002079
-0.009931078977029691
-0.008910824739335492
-0.009019652219819988
-0.009440678000056966
-0.009161268556177628
-0.00996645729169171
-0.009339664778878634
-0.01011992210719353
-0.009571929013718837
-0.009491572019580816
-0.008612456245588117
-0.009765940032396097
-0.01031911678756219
-0.01044682919360353
-0.01126809579652076
-0.01230698524277957
-0.01291075310642072
-0.01080552066136447
-0.01029089267961146
-0.009355933137122324
-0.009341951902935271
-0.008804104140467112
-0.008769811773372124
-0.01010576134466953
-0.01354431093400149
-0.01413614448019677
-0.01354806485753222
-0.0127565320777563
-0.01269515143751787
-0.0127609342058747
-0.007753522209097586
-0.007639831893081974
-0.00367747150993414
-0.004102687328307817
-0.009816430214718471
-0.01602211513343499
-0.02561063605776377
-0.03123445066300699
-0.03136522800634734
-0.02544947908687534
-0.01867163892221332
-0.007803376383600827
-0.005354859371086154
0.005144519833269817
0.02019148558620315
0.001450237983621213
-0.01317157482936651
-0.02205784308554229
-0.05505535158194252
-0.04988413846938095
-0.03702340643618535
-0.0224617196986644
0.02173295007148286
0.005655882645530692
0.005366954361010702
0.006985868537691287
-0.01118113910875252
0.01743885204824262
0.01309050407241252
-0.002105179876905226
-0.02004965356934411
-0.01739267354809913
-0.004364691758565145
-0.01181918714830017
0.001355625164015109
-0.00256824992454619
-0.000732242580379413
0.007994404319298388
0.001414788165986438
-0.01030724965844304
-0.01981849438275953
-0.01508543992654712
-0.005915074188633963
0.0009818355115545389
-0.004243794065847012
-0.01135397623010874
-0.01338426698318036
-0.01070082571048102
-0.007459531881487203
-0.007436493353566913
-0.007515625612644781
-0.0084896630627642
-0.007781726095998356
-0.007136491089732587
-0.008120813986650049
-0.01015152966739089
-0.01001624281161588
-0.008470370808759349
-0.00798357880869136
-0.009205959029509951
-0.01056122249122711
-0.01122357287794444
-0.009794055700442101
-0.007846917860411348
-0.008194170145440216
-0.009103169001175325
-0.01071637171154412
-0.0103953878442647
-0.008998625055553829
-0.009349082700086619
-0.0106510424184562
-0.01007721870332397
-0.008377270663574176
-0.007716063430108085
-0.007473038529688635
-0.008400625448937219
-0.008873916397758136
-0.007894172934825349
-0.007343438958176533
-0.007635470955732817
-0.008342549990694562
-0.008474648343524117
-0.007899672279129332
-0.007478021031224064
-0.007895768018379721
-0.00856509693641898
-0.008052762061289647
-0.008466652846454687
-0.008472477036778317
-0.008130423753714628
-0.00908370868079929
-0.009064727674987259
-0.008630944227464275
-0.008865245413461951
-0.008542126075974557
-0.008103794164818124
-0.008916671592525656
-0.008514297699051567
-0.008186071026162749
-0.008652881315296953
-0.008583355124584902
-0.008059773052557883
-0.008594239940282125
-0.008391285719999092
-0.00785971586464621
-0.00885440803174316
-0.008082581281136295
-0.008204703459247906
-0.007892776429943462
-0.00835648564607819
-0.009471330225019092
-0.009161425331334015
-0.008648600080096339
-0.009201070711779898
-0.01027172233847201
-0.009855368666927867
-0.009667595912508733
-0.008441130685381755
-0.009363262385811378
-0.009183375395837188
-0.008376593642646906
-0.007800488366512391
-0.007368312915990849
-0.008628448552223004
-0.008229141623831544
-0.008707092050384396
-0.008647594305389649
-0.01114765421871955
-0.01228795677598895
-0.01008199709151969
-0.00923153538800439
-0.008611635157732094
-0.00775087316728388
-0.005539375490842558
-0.003086340573925
-0.004465629014948708
-0.007844582216658891
-0.01119567278349491
-0.01336550900320146
-0.01338756830437571
-0.01673066663032103
-0.013065889917071
-0.007746965680783477
-0.006095426494257495
-0.005857213205712107
-0.005372116812169467
-0.001668029006599295
-0.00306521501453559
0.001408949165978217
0.0005956132956864429
-0.009430131494769982
-0.01602891601886275
-0.02205386916689079
-0.02830474908586621
-0.02857764740084114
-0.02388037616949574
-0.01395636110185364
2.815253640995871e-05
2.75971158845937e-05
0.01439283961219675
0.02631643462022876
-0.0007858273398758077
-0.01355363138208489
-0.03353291479662288
-0.07073309386159599
-0.05393310556741589
-0.04548434460785173
-0.01395116974252712
0.03588662965756479
0.006546411366306555
0.01479088333974335
0.006774451861728574
-0.006032938420306295
0.032614066014953
0.01996950766547891
-0.002649668399905514
-0.02586149095772335
-0.01202296063010306
-0.002354027580864304
-0.009143295312165818
0.007075810768171598
-0.001749076982868872
0.008481136706305277
0.01652044943267284
0.004692596959105843
-0.01248649658971168
-0.02152884258081927
-0.01184874866779944
-0.000341004399474114
0.006025322356719758
-0.003275164502527735
-0.01018570692598839
-0.01013800330934324
-0.005203595809926733
-0.002977610049644461
-0.003927334011905953
-0.004062750998527524
-0.003786213151026
-0.003942376804012522
-0.004282379625807941
-0.004726289622914858
-0.008073302802800834
-0.005527152711565461
-0.003487238142705356
-0.003868611558362089
-0.00591035409305824
-0.006116436727677251
-0.006221535459024181
-0.006064094716522408
-0.003791654393309897
-0.00458526601455476
-0.005829353962289936
-0.007125270268826218
-0.006110817403360743
-0.005786791917623224
-0.005170804345321618
-0.006226024538429594
-0.006105131597468758
-0.00409290444955575
-0.003606372470401078
-0.003430272666798697
-0.004029555142252112
-0.004417730355964079
-0.004337622753559051
-0.002029474285806875
-0.003482575515236922
-0.003750892340197314
-0.003567385427408844
-0.004938201655971121
-0.004098660935831482
-0.004907695557644299
-0.005868238450620425
-0.00597851594525905
-0.004669129174930722
-0.004279961549579309
-0.004532653127220053
-0.004375615201601759
-0.004964169968836126
-0.005372468811010785
-0.004606616947194613
-0.006288750445155576
-0.007875825716766201
-0.006668365974636159
-0.006484903652681441
-0.006354852070094629
-0.005952102555608778
-0.005502408592493199
-0.004242182215588271
-0.003570351006959555
-0.004287794335021072
-0.003903462967522865
-0.004660021409109334
-0.005362934729017452
-0.007016632588499205
-0.009432385444216628
-0.009647046773373431
-0.008493081806628304
-0.006115232282342476
-0.00343263546218711
-0.0004326379715335573
0.000748231522190346
0.003418039895498724
0.00134723022239967
-0.003188774641180994
-0.006285363190236261
-0.009611757335141476
-0.0095137344519003
-0.0108142203720437
-0.006195213293876256
0.0007333290859824155
0.002340978584667424
0.003017922693402279
0.004905180737355166
0.005989460544588781
0.002630051736293584
0.00191440113970188
0.002165690900844097
-0.003248495602042017
-0.003954793867988545
0.0009356121941754223
0.001492517103315775
-0.002978021843425498
-0.003144910379011512
0.0001255774389248594
-0.002010346992925588
-0.002370241839508444
-0.002687995201781697
-0.00418564204453182
-0.006382908820718052
-0.003546239106358894
0.0004709304250782593
0.0005632075505678617
0.00389049032507594
0.000727178904285527
-0.00354422754364133
-0.01329551169665763
-0.02906699815391943
-0.03602201161034636
-0.02816500944279783
-0.02085188267654477
-0.008816480664236771
0.005314421764803027
0.00615457519745887
0.03678158731986839
0.04307832201364407
-0.001457635390600122
-0.01532240889137526
-0.05246592416024137
-0.08897480646408898
-0.0566356108444885
-0.05089667582621577
0.007878782508477887
0.05317609386618102
0.01317902834136251
0.03614353200742736
0.005839060707647873
0.009991496962840702
0.05716603051576527
0.02842158303126458
-0.002645790187911567
-0.0286414375506701
0.003270462829144901
0.003168214366137007
-0.0001744462426579946
0.0187782587172936
0.008969424798474878
0.02636757649553213
0.02744472451324925
0.0103835717343713
-0.01262824210169357
-0.01431084432650066
-0.0009498319737455208
0.01268934484759662
0.01859475236459
0.005284727967686586
-0.004466750195110275
-0.005363110770730086
0.002227092742710339
0.003526289422722563
0.004158217841322853
0.0001060905890258234
0.0001556823057112324
0.002811298273426896
0.003623001955834613
0.0009716178430234912
-0.001980400697823496
0.00175478041170806
0.003746670728713309
0.00488114042022545
-0.001574784068452927
-0.002444530048338702
-0.0005880483153567991
0.002352061010380383
0.002956460043956895
0.001591443560145889
0.0009274915555531008
0.001053588766000811
0.003127136250752532
0.001262046002639208
0.002301491477171722
0.0008913076299643965
0.003243572556143257
0.003627596620660656
0.003125543577878471
0.002957362035770615
0.001284626885515761
0.001097954115430483
0.000433563781925232
0.002003398932875563
0.001834701466333344
0.001281559863995799
0.001432677866918126
0.003955384792244903
0.002309413473185079
0.002227397464210684
-0.000750222812403179
-0.003892796163686292
-0.002777591481865473
-0.003732317367839008
-0.003355435787723447
0.0006387018548106337
0.005488335344683378
0.004914333991313482
0.01096193356640047
0.009603336270077523
0.004131343430789179
0.0002944320503294092
-0.00583273830986638
-0.005942013941254358
-0.008552700121311983
-0.005893073862924565
0.0036236061574134
0.006963941579532988
0.00822433805575185
0.01334278480111747
0.01266716177491094
0.01035787766645363
0.01207877612162385
0.01634406829721775
0.007941389384341514
0.002641350637497067
0.01156296125620162
0.01413204512580206
0.01107416854010171
0.006979965440129716
0.01413638962165682
0.01580225840153445
0.01334369115761756
0.01044869775357818
0.00587571183171579
0.008147788515430764
0.01225054463481588
0.01433432296466037
0.008497610395256212
0.006920798478712633
0.007758350589607941
0.00916251294788515
0.006781711227426363
0.003727425921531629
0.005079589937492766
0.007357897987742204
0.009727312353254077
0.007240490278986529
0.004001862411043148
0.004395300783408552
0.001073236407045255
0.00105700983287444
0.005226114933991691
0.003983566640848778
0.009805782339945474
0.00412993525136086
0.006830558798545286
0.01426575729411428
0.01419278689346639
0.01751121152210948
0.009671012814222786
0.001936580689201248
-0.01701588679538297
-0.03479265695655657
-0.03936406243258256
-0.02682506609800626
-0.01604617695902367
0.00425464441067337
0.02075029045077626
0.03147363624722705
0.07718557385237142
0.05519978968859562
-0.0004552662057185266
-0.0193260861427506
-0.09063980555871547
-0.1111371249317194
-0.06626980836913
-0.05181804536874584
0.05284853087471017
0.06769089539001971
0.02923280774699072
0.06383573930313788
0.006815385061057778
0.05071126232219442
0.08790567645751704
0.03692823494074483
-0.008299637413460745
-0.02238239552556443
0.02392181539336547
0.001524849494392967
0.02049091833436714
0.03563348881315007
0.02763428417591435
0.05522034899100264
0.04718877105946568
0.01839536563195596
-0.01259085621541001
-0.006650345639988377
0.01319562657500271
0.03324129397104026
0.02758688818040157
0.008327227139192777
0.001348425009047572
0.00389031692728119
0.01290876889223144
0.01310762754998086
0.01282705493839864
0.01197039813836648
0.01490867298635402
0.01503421284725829
0.01533696801965149
0.009177058701248719
0.007326375268225577
0.01147588764376902
0.01029107334212576
0.003835755881010421
0.001050605594218045
0.001285205626878216
0.007572063594146014
0.02090042359129304
0.01962238112586944
0.02408412394438163
0.02330225352974825
0.01592900939884645
0.009120657868999425
0.0002924759696263373
-0.004594484579014115
-0.008984709884136752
-0.003412941398037688
0.01036170732961092
0.01787650974989808
0.02001081675939929
0.02374630974957568
0.02556957162876515
0.02784702479052024
0.02216123668973224
0.02852097057118818
0.02253777751651766
0.006015511389986108
0.01593698920740604
0.02519607564116565
0.02060970532015648
0.0122611463835894
0.02139976002919776
0.02785715711724752
0.02863134911897956
0.02406723373333736
0.01734055228821387
0.01823752771396995
0.02255720562712001
0.02390922059241094
0.0195903584689772
0.02129376188352593
0.01895172665199494
0.02364645535856634
0.02319306618192588
0.0189019067708486
0.01633738256406006
0.01903232361430321
0.02421433109558915
0.01963099019300583
0.02156004345343093
0.02447399652566707
0.02404751009218708
0.02092201857263831
0.02474893310541946
0.02149108530924577
0.0199799605357493
0.02344501085837894
0.02245722778405158
0.02117661907884661
0.0187893288007772
0.02190085143652504
0.0236332701455152
0.02589802872776534
0.02120705881081647
0.01871018440129526
0.01616506181898125
0.01881378960398505
0.02300813170302715
0.0198760079138222
0.02099026118017404
0.0263727982518574
0.02914437408037408
0.02636141406067234
0.02261706068550619
0.01583884115102605
0.01674635737839063
0.01060691075463724
0.01682279197010141
0.01925752897493078
0.02655852412678318
0.03453946664514618
0.01755258946729347
0.02953599503373984
0.03313286967083123
0.03597396962798617
0.03526535155293855
0.01817846289224352
0.002150479457655757
-0.02443496465328538
-0.04818980614926013
-0.04446725609525225
-0.0238298173977154
-0.005885717036902293
0.03336659381351914
0.04145138330381826
0.07966893062885425
0.1343574338774215
0.06522393579134556
0.002661509671769405
-0.04808092499585781
-0.1605256497176781
-0.1293696505555884
-0.08084352113516649
-0.03085727792622753
0.1219655529618146
0.07784795677169953
0.07689344912808226
0.07826865907048396
-0.001081611227153623
0.1087514347053901
0.1098240140282745
0.02981267084081178
-0.0212824487384554
0.002421205577450684
0.05268541329636665
0.03051612099545427
0.06776258831185612
0.05681981382980881
0.05462240091224276
0.07647130682944622
0.04270809455415015
-0.01106729855331338
-0.02489420214982876
0.01782889050556686
0.04871941928425009
0.07709051704290046
0.06540547830250859
0.04072871931774211
0.02813269550347933
0.04415804848691057
0.0575997559042132
0.02799772909510664
0.02878503899671694
0.04395537514491982
0.05051210135070315
0.04034505899274292
0.03141502954282593
0.03903190594332545
0.04944403580717176
0.05265932932411889
0.03917909591582672
0.02896460579940801
0.03187633970430774
0.03737259846952845
0.04209721358039673
0.04196755078721176
0.03504134627573617
0.04174281179097107
0.04153503715854653
0.03818307015584681
0.03340670712938366
0.02861716637235539
0.03349402058787936
0.03376403663391688
0.0381955362783911
0.03230617610059235
0.03155031264646638
0.0316314525879833
0.03182196034759396
0.03631212804454476
0.03079366747514416
0.02980816726440524
0.03216264094127234
0.03209121383305742
0.03339486518424319
0.036227541192016
0.03225284698264707
0.0330585640136243
0.03122180358287043
0.03216734809745708
0.03245020971734765
0.03062348518841359
0.02804879567969173
0.02486948693114999
0.03242512759156926
0.02759211222859109
0.0293366279784865
0.03237460157477461
0.02994496154732669
0.02795767546712648
0.02973251858473576
0.03443265198136158
0.03343094528174941
0.0334047068291268
0.03899369322729577
0.04323512357316887
0.03797379535734136
0.04328305089616478
0.03786351565652429
0.04179891268386755
0.04000511541354426
0.03258984331134657
0.04425356155601688
0.03876704948424869
0.04070495936602118
0.04446841996148969
0.03991532804930324
0.04106414713344635
0.05324660967589705
0.04837418258721503
0.03799423821095806
0.03829140804582605
0.03573492764703588
0.03443144378351102
0.02621323929768331
0.02384820884641017
0.03070719795053837
0.02731858332500859
0.03900248083953047
0.06048326676692401
0.04145635154579493
0.04900102725167867
0.02777731751753929
0.005729835550964908
0.01793644313977892
0.008300004727061081
0.05106914932243162
0.04598461312049729
0.01895916613297976
0.006973845588248763
-0.0410127100785963
-0.07665839371175677
-0.03829562432527109
0.01098481988069222
0.0184278826917655
0.05185355854823198
0.08962793234949315
0.2014625549197015
0.1987596594544021
0.03562464951174772
-0.007233802050145136
-0.1296722912697449
-0.2613645017473105
-0.163865397220774
-0.1306048338243655
0.03751750480892856
0.1941820032473338
0.09681919698757577
0.1639548919117876
0.07632076803446039
0.07244690243929568
0.2412532069216456
0.1429067872668112
0.003774914875173461
-0.05089673669573788
0.05831072591860145
0.0479140003147057
0.02947740660384945
0.1057795559312435
0.09730669391330629
0.146112671202408
0.13674433746039
0.07641232646859983
-0.0001418705516430905
-0.0124661974530897
0.04105889913504348
0.07624786649141244
0.08934392299262196
0.04797453527325577
0.02732835366652781
0.0366570956148642
0.0470177952656218
0.04752572095800659
0.05214863143173944
0.05237367210832192
0.04555218238060477
0.05468824830738268
0.05846038989534454
0.03598119086558223
0.03327018123599067
0.05112855098248757
0.05204421708473947
0.04693271009838285
0.03279801589080878
0.03248858123821201
0.04212255545011942
0.04140714028477664
0.03930394351803144
0.0435197262734844
0.0422709132111229
0.0438512558035722
0.0417134045391564
0.02644703716696597
0.0185320399359965
0.01588036003649797
0.01211919725709502
0.01438346647266324
0.02567603491750977
0.03928936839281926
0.05118552345889272
0.06606254426332246
0.09608854993969468
0.07775057344672175
0.05706359869803408
0.04005513975727573
-0.002234840252011944
-0.00201458337018851
-0.02844039652805809
-0.006376714759357815
0.05165578416327758
0.0471037370020117
0.06136496423845272
0.088890871214589
0.08698984952252203
0.06767286265764795
0.1019525525472652
0.1120920813505
0.03042065282137542
0.02655075474811194
0.08504595373206761
0.07835697245275114
0.04066962734191781
0.03664097723345381
0.07295564972140761
0.09597304187731666
0.08816319434342472
0.05138667150018846
0.03053449419792297
0.04145417617119126
0.04949110007163024
0.05350247595894062
0.04588544151863428
0.05147886059232764
0.05906201085508334
0.06324742916663986
0.06513795612113447
0.03837987564795395
0.02053311347107942
0.02500725887690417
-0.001864352445856601
0.005557734182525582
0.03216223748547509
0.04573765931184928
0.06358771166766464
0.0335476257700069
0.06393741904527742
0.08094567077992454
0.06086238156947354
0.0647842498215544
0.03463420217538982
-0.001465025062026345
-0.08109665745992373
-0.1754519070075008
-0.1500510270117265
-0.07444210421020037
-0.06446960515444952
0.03275663777862468
0.08218004161370551
0.1728706205750221
0.3630228770333204
0.1918416938237026
-0.01702017981190214
-0.1191506325347707
-0.4501678416316797
-0.4749171618495883
-0.2772356858774864
-0.1836738008329504
0.1890710180421148
0.2313648562939666
0.1827163572599794
0.2853516247538664
0.1196757356267732
0.3002366705265351
0.3593034779859323
0.06816676549463503
-0.1464123207371813
-0.1208007463406575
0.003909839790848526
-0.03979402572447414
0.07318483057385868
0.1508771303741637
0.1951245884435578
0.2780092427821876
0.1804930859907985
0.04675868801677945
0.04061140135263035
0.02017531905131608
5.391213947669006e-06
0.1099621025034115
0.1096225149913189
0.02098430275519443
-0.02408021924069655
0.02498890088572063
0.07007712257642731
0.07755918212292269
0.07530412241080169
0.02234896608546611
0.01912583598678519
0.04298472050386698
0.05314311957674941
0.01972260051431673
0.005631581640984546
0.02411341691559604
0.03093206607703227
0.02160919928760916
-0.0007207858102059461
-0.005942403627835561
0.0255826576591314
0.05899109479548494
0.04574731842715044
0.03266888494346884
0.01621434108017168
0.002368107116167765
-0.005970981819410207
-0.004374013257800917
0.001764657882614806
0.01789171336310415
0.02716622758371868
0.03008976987640627
0.03623722947678094
0.005163123989913121
-0.009033745814639754
-0.01076437796838437
-0.02214218565294335
0.0001792076765147951
0.0220827119248965
0.02862089772425254
0.1029397562283617
0.08355091337926863
0.03947871862710257
0.04384700009452372
-0.04592031361223234
-0.08416935844048155
-0.128928840754351
-0.07599318735584608
0.02863956120487295
-0.02559000090774832
-0.03585450508161431
0.04304021068124165
0.05934346010200484
0.05206433590111099
0.1192686523112503
0.08651479743782126
-0.007388841110020078
0.02150604559955006
0.1065387818931094
0.07313407876631202
-0.06085434098643281
-0.1632352284148446
-0.2821011303391487
-0.2825025055222976
-0.1796496434445634
-0.1975349945805441
-0.1108249789760719
0.07036514535540009
0.1911339976707706
0.4824670244003825
0.4325325873112176
-0.01973350725231777
-0.1537635985411566
-0.5394515027954111
-0.8785412886383083
-0.5690310060142871
-0.4520284782241892
-0.02857024078251002
0.3177944104931637
0.1080033467615961
0.2403941474934432
0.01579957933034381
0.0872011522883419
0.550250828675881
0.2863567783434138
-0.003901193770344226
-0.04659779201652313
0.09480356737388884
-0.001625451729271081
-0.1557548734478693
-0.05171772994461191
-0.08643674544787151
0.07304077386910707
0.209876423248998
0.03345338519460736
-0.1119659242778813
-0.02147707681987847
0.1014397183698333
0.1124484575042032
0.2655464949226669
0.2317608673526631
-0.1108372071946194
-0.1552266597576129
-0.05182412496566018
-0.07526246141148629
-0.1054822196023191
-0.05968791841613918
0.1330167976999121
0.1311641544379654
0.009844992209879357
-0.0272805256136767
-0.1625025051837511
-0.1594511834330496
-0.03882886499876046
-0.1109246689523883
-0.2103465787688144
-0.3077884119268302
-0.2391106879495334
-0.007852668026241027
-0.1608721233892325
-0.2202225109053422
-0.1066885814880724
-0.209453314340646
0.07563048629892827
0.3108991171389379
-0.08647407478747542
-0.2748770941845591
-0.5439314106163334
-0.9999999999999972
-0.7579693390318187
-0.6104026054729372
-0.1215830888479148
0.600634493214893
0.4741800799606476
0.578656660973901
0.3628664016177057
0.06355681303785192
0.2706831557927332
-0.1662797534056839
-0.5838296109096114
-0.5051547092190849
-0.04881708253771621
0.2139091793946125
-0.02621570675854332
0.2040883786388146
0.3675723631505854
0.3209724858226629
0.6610435578638628
0.494544129850692
-0.1519628463573003
-0.3149815449311414
0.007740454732787593
0.150700163956105
-0.03829750547467169
-0.02607899442497751
0.1162733523609062
0.1956874877914239
0.2269450010745469
0.05753340468331117
-0.09737503110237657
-0.06948633264735045
0.02518912495614407
0.0667946892744898
0.02399654924896339
-0.04486046959722331
-0.05508755215729438
0.01242057008762855
0.01765798098993647
-0.051069992794855
-0.06545815474885484
-0.01622905572460312
0.0009195697221351444
-0.01636082517619102
-0.02260544866125565
-0.03966643393226199
-0.04774723856721932
-0.02539749741356924
-0.01026400054949672
-0.04076802603994723
-0.06782412663544529
-0.05086454279181118
-0.02172980623915318
-0.005907512189930756
-0.005243793428693292
-0.007406134203980848
-0.01088573533715918
-0.009621090376193703
-0.01309310529783159
-0.02389733759766366
-0.03392548685955995
-0.03219089954090255
-0.01877506124510511
-0.007545843864268841
-0.001816327590974706
-0.0053035989260831
-0.005826869520670562
0.00147763202763817
0.009184436798950615
0.003156708612633096
-0.005070988725455181
-0.006212885867167129
-0.006928922559861943
-0.005198139319569218
-0.003766327161278261
-0.005631370207880173
-0.01080495605896542
-0.006439011038134012
-0.002916144637557263
-0.006050289329851152
-0.0103844728436471
-0.01080592512735405
-0.007908848111417625
-0.004968196475853133
-0.002686227941743897
-0.007048108961185961
-0.01039951837580461
-0.01227698242141898
-0.01150172488257942
-0.01356573682037448
-0.01599518336303832
-0.01551493394110974
-0.0126150958363848
-0.009779313917759061
-0.01010312804747519
-0.009908485642653899
-0.01191038520288469
-0.01018666290975941
-0.008061189508159235
-0.006954416894276247
-0.008762895303644481
-0.009900210665407109
-0.0110074739696509
-0.01202675174548263
-0.01096796118732971
-0.01226572115521552
-0.01091233730485192
-0.007797951469822217
-0.002882719365075989
-0.001300566852076095
-0.0001160266617007183
-0.001384524442816408
-0.003049570270676067
-0.003757489714941191
-0.006456189955379213
-0.008241652620716444
-0.009738808267076631
-0.008650856297892149
-0.007796760218928916
-0.004656025871096618
-0.004271953413704221
-0.003667020338149526
-0.002875072463354741
-0.003634638889801228
-0.004976999220151243
-0.007343288462601437
-0.009431918711795355
-0.01175983071621591
-0.0103532164162498
-0.01086906883297143
-0.01050204420841929
-0.01017074883998033
-0.0097259299044222
-0.009835926500929701
-0.009949520317428776
-0.01090245442073133
-0.01284699159427094
-0.01226669458012919
-0.0132785833931281
-0.01293442724023712
-0.01354078813887473
-0.01346085696244807
-0.01388417163652152
-0.01271819229737845
-0.0123147584090908
-0.01249209430347906
-0.01171647260857438
-0.01251586090940488
-0.01159398642479545
-0.01210591011576511
-0.0125699921598052
-0.01409228849975231
-0.01360831083536781
-0.01391403715067181
-0.01337482639564538
-0.01251821961797157
-0.01285858201821634
-0.01180321438954849
-0.01121521846193882
-0.01040686988266463
-0.01077486326107455
-0.009597315514086538
-0.0101300453636368
-0.009103250752793932
-0.008374477402112619
-0.008486278841116251
-0.008543354643140072
-0.008685163731409779
-0.008668362724102489
-0.009558914104612092
-0.009223972179997948
-0.01091920763377109
-0.01052807137095488
-0.01041046944240598
-0.009750619780889766
-0.009312294035672486
-0.008595327052736494
-0.008102761989864976
-0.007905982020804902
-0.006961542559146912
-0.008076833110903278
-0.007836195683597304
-0.008695882220098471
-0.008752527470999119
-0.009457437245004056
-0.009609479782629419
-0.0106098894577809
-0.0110622824630264
-0.01086861099722133
-0.01149634756324836
-0.01075520497754764
-0.01077929272085151
-0.009602768301200047
-0.008915578051897761
-0.007378079372996879
-0.007610365796481256
-0.00735222825918905
-0.007921983739285744
-0.009157628379854265
-0.01001085545875358
-0.01192523116518081
-0.01311080102187144
-0.01427404937569002
-0.01339731217095545
-0.01333222019887553
-0.01145053778137971
-0.01032180980431256
-0.008970641573342125
-0.007608266613095416
-0.007090493079922085
-0.007240369498278655
-0.008547238297833548
-0.009302321803808541
-0.01141178287215048
-0.01200366905101904
-0.01370590426565196
-0.01447687245794817
-0.01494320119379155
-0.01447897830659143
-0.01382856303756867
-0.01285786711117842
-0.01152928528285462
-0.01125335175873285
-0.009988395902487518
-0.01031445982423578
-0.01040422133188499
-0.01166898347031816
-0.01236635447883914
-0.01385569652416713
-0.01447433748381058
-0.01495196101639836
-0.01544817061473706
-0.01471771015323817
-0.01459466085821928
-0.0133960349563752
-0.01309167121665218
-0.01210365511772456
-0.01240987158111015
-0.01193455673459266
-0.01245074112642113
-0.01302264055757608
-0.01325018891816878
-0.01384658685283907
-0.01350153998370703
-0.01335907046277577
-0.01209560462010562
-0.0117397234919201
-0.01030459056279307
-0.01029511136006432
-0.01036695197701482
-0.01131527400849005
-0.01279101848402912
-0.01436997359659712
-0.01571008501542594
-0.01587373098037113
-0.01597572556530432
-0.01405615387395758
-0.01251655311925849
-0.009626407936175523
-0.007475428878339699
-0.005462244710111389
-0.004974586060457081
-0.005459413404155625
-0.007091152083091614
-0.009999486726970083
-0.01216317517152099
-0.01493315323731579
-0.01576823011102983
-0.01613148761595204
-0.01451719818332788
-0.01270281888520945
-0.009863041417068728
-0.007714218529316605
-0.006435111894491198
-0.005738699573280288
-0.006651037866807517
-0.007632625097424347
-0.009747587819231131
-0.01119073665466444
-0.01315457805008489
-0.01353225997989083
-0.01395873907566804
-0.01334390342066218
-0.01249299282162902
-0.01173804827309212
-0.0109280553552496
-0.01086467596254326
-0.01061706045057099
-0.01138851359631654
-0.01115911307292228
-0.01198764479228664
-0.01182269932648296
-0.01196167503196205
-0.01169238903623619
-0.01145961714797241
-0.01128029361530017
-0.01107403919669109
-0.01177896734296863
-0.01186894726034536
-0.01298212485416844
-0.01302774843074715
-0.01369892842726905
-0.01362051087901679
-0.01379979971600408
-0.01346531567404954
-0.01316829860350695
-0.01291178054367987
-0.0120867327305111
-0.01194902930239447
-0.01108633979467173
-0.01107629083581456
-0.01071807378387481
-0.01145575305574245
-0.01168915267726418
-0.01259806751489315
-0.01322100733680896
-0.01384081981886138
-0.01461730514484535
-0.01463250423003588
-0.01481132936973146
-0.01399057854445952
-0.01378650737215533
-0.01258845492986572
-0.0121716836847741
-0.01099580466273328
-0.0103726468927182
-0.01007514445105895
-0.01018292523627611
-0.01103263657828529
-0.01170621550750531
-0.01300312203986566
-0.01338217691638102
-0.01444861976737007
-0.01433350171512665
-0.01433873160680545
-0.01345021411282045
-0.01252843008770059
-0.01141374045306217
-0.01046061362019799
-0.01008952915331928
-0.009680665141078685
-0.01045505314180731
-0.01077120932412745
-0.01192480393543143
-0.01238182140157698
-0.01327482200384812
-0.01345749158208677
-0.01369640205979308
-0.01329480404433688
-0.01246906258113486
-0.01208013593745808
-0.01137481919288114
-0.01166375933965493
-0.0113742598718831
-0.01179689275643682
-0.01147076083712758
-0.01188049524388098
-0.01180075769364849
-0.01186559350022549
-0.01191753446796208
-0.01168569164038137
-0.01201663921326335
-0.01187252040791424
-0.01225173301591591
-0.0117453882675825
-0.01200214176535053
-0.01179466102795278
-0.0122702802081106
-0.01238324387573973
-0.01245898196510899
-0.01252962568265008
-0.01253444145404625
-0.01288256355829911
-0.01262034909277471
-0.01290296387090148
-0.01235380856465067
-0.01266972530455032
-0.01242403709959947
-0.01249363469765882
-0.01203445739850767
-0.01171022591542531
-0.01155875058917045
-0.01141829824473365
-0.01198852653270703
-0.01194322180682451
-0.01262715967205563
-0.01259281674623468
-0.01305873798234935
-0.0127466606192452
-0.01267635168281793
-0.01225967000035748
-0.0119752838895296
-0.01199105070964159
-0.01175115424510023
-0.01218747351059173
-0.01220221533353632
-0.0128766849696327
-0.01291239655865789
-0.01345290488764166
-0.01321971475583802
-0.01326148108734163
-0.01293192304691419
-0.01242556225410339
-0.01204350709180815
-0.01141972434784965
-0.01142015121876462
-0.01109789576683936
-0.01171844351657725
-0.01182222869575088
-0.01271974897567841
-0.01310913506962725
-0.01370576035989062
-0.01389073584612588
-0.01373989462305845
-0.01349703544719153
-0.01270092969434229
-0.01238260779319476
-0.01138287224740776
-0.01121644352152131
-0.01061109288412904
-0.01082501840766781
-0.01093068077667518
-0.0115778850487663
-0.01230378224929178
-0.01302943851064581
-0.01388347561925567
-0.01395004401616571
-0.01409971288562903
-0.01325743893672513
-0.01274518031686789
-0.01155291672201534
-0.01093191882174975
-0.01010826055652646
-0.009966517290595023
-0.01012222886142912
-0.0104498858689371
-0.01121953317308424
-0.01161658245141096
-0.01252622390184503
-0.01274344925429121
-0.01331714401075891
-0.01282379984489433
-0.01251285797178204
-0.01160986589371998
-0.01087119422524277
-0.01029116361534207
-0.009784745217455591
-0.009936349011321764
-0.009941785765131998
-0.01075754987525648
-0.01105087465884975
-0.01188783406731651
-0.01198493232855245
-0.01228112990775404
-0.01211881242220226
-0.01193165335643857
-0.01164224986120701
-0.01112329125216366
-0.01092602574757744
-0.01039142445082935
-0.01060425987813856
-0.01047210374457966
-0.01108493901279612
-0.0112682690422196
-0.0119067781719152
-0.01213468366227153
-0.01232547284468963
-0.01233583372096954
-0.01193145587122499
-0.01184431347088342
-0.01128725551066268
-0.01137312589203211
-0.01093670170105395
-0.0111443211071118
-0.01092898206989492
-0.01122449088824865
-0.01134307297275522
-0.01151700270861511
-0.01179330852215108
-0.01170864495459991
-0.01199927566362461
-0.01178633560809544
-0.01207786167809011
-0.01178759000873096
-0.01201779698714655
-0.0118099852585327
-0.01196451774888853
-0.01201348654615535
-0.01211346454898911
-0.01222473745927661
-0.01191535918859983
-0.01191555188723835
-0.01138066443745831
-0.01149536624663445
-0.01112661404309826
-0.01132878956273986
-0.01113400317770902
-0.01129497237772214
-0.01128955981121546
-0.01123056332785246
-0.0112296770235429
-0.01085634011104381
-0.0110502439460754
-0.01079928485226129
-0.01120333345233548
-0.01106007919001749
-0.01128628458143241
-0.01105065506192647
-0.01105457855959114
-0.01097675415827619
-0.01080409173066817
-0.01080805660282783
-0.01039889567468945
-0.01042031014394746
-0.01001875910286116
-0.01024835231845686
-0.01012931036211919
-0.01057282451015092
-0.01072945199494692
-0.01109694439311817
-0.01125454539885566
-0.01112368122507895
-0.01106882773280845
-0.01058454638728355
-0.01048241697982781
-0.009827094664385369
-0.009709160180774111
-0.009143490446823589
-0.009200704210918719
-0.009133723140794428
-0.009334293794515024
-0.009575972674412596
-0.009771645338475576
-0.01027409126313783
-0.01036060525337856
-0.01078558655347459
-0.01052491526456175
-0.01070811086005105
-0.01037098122495599
-0.0103599548505418
-0.01000521092934792
-0.009757865301996077
-0.009642729690925179
-0.009509094820806859
-0.009731105562667538
-0.009573201152922983
-0.00988050678129669
-0.009749490693887296
-0.01009425134544796
-0.009969335832484365
-0.01016707238226227
-0.0101021642526399
-0.01021046852926125
-0.01035493626483905
-0.01022535935289848
-0.01032569736998534
-0.01004158214960617
-0.01024036878129737
-0.009889220115902575
-0.009925072078646088
-0.009467470364446189
-0.00944010563845973
-0.009335978682065498
-0.009359310818992269
-0.009450715361981275
-0.009261360655153343
-0.00944260964227496
-0.009238116632835622
-0.009545808590179049
-0.009416119179950649
-0.009748672801999127
-0.009756658595219016
-0.01004170619945173
-0.01012284496535824
-0.01011269088287585
-0.01002271022539435
-0.009571979681375707
-0.009337461147547963
-0.008658984559350349
-0.008446412099488581
-0.007819206920320287
-0.007789115301378759
-0.00765301817969529
-0.008044745107428768
-0.008466887541044823
-0.008968219975286637
-0.009551361166321432
-0.009733171136075138
-0.01012342769080995
-0.009837897104754814
-0.009784792750430409
-0.009112429419359613
-0.008813760040372393
-0.008236432051763417
-0.007956398441024653
-0.007667749712605042
-0.007441503405273504
-0.007583631235812791
-0.007604837782614685
-0.008124415654914872
-0.008270385915816374
-0.008858876931562424
-0.009003696398926061
-0.009446935829087203
-0.009423558278576731
-0.009390747539721784
-0.00910844611732305
-0.008700263081366979
-0.008481585688611498
-0.008027243098837537
-0.008032395658601126
-0.007694239124031807
-0.007896990575502378
-0.007730144676587065
-0.007956575962631237
-0.00794562892007066
-0.008165432634169387
-0.008397703815156286
-0.008493412311793033
-0.008696371913234706
-0.008459604361039942
-0.008586712478113014
-0.00822334746569261
-0.008266664158813386
-0.007841465814939582
-0.007722120044950265
-0.007472237183656442
-0.007466293075243709
-0.007560824388254153
-0.00751101772536584
-0.007718834920609921
-0.007643748628948423
-0.007951665715687842
-0.007792367620028018
-0.00795991002905201
-0.007670460080159274
-0.007764701314443961
-0.007739651167248124
-0.007864982330302375
-0.00802165234427191
-0.007952524383913589
-0.008082397979724845
-0.007820466746580018
-0.007911668736047985
-0.007513215062807722
-0.007537456528544078
-0.007227567369863904
-0.007287824890506293
-0.007197271070536928
-0.007165698056918001
-0.007241482772383438
-0.007174310591465039
-0.007449214170134043
-0.00738124679488944
-0.007733571840131325
-0.007665952040654271
-0.007931468918927671
-0.007778580802430422
-0.007760674900357534
-0.007482660795510232
-0.007181777249726237
-0.007001076578279255
-0.006702579282332032
-0.0068150813379524
-0.006690635117011605
-0.007068397760923498
-0.007124425976553863
-0.0075190707912255
-0.007556397107455554
-0.007734365567870317
-0.007652622354534388
-0.007504377002231168
-0.007360900402923764
-0.006925628567858763
-0.006816975083367186
-0.006377329644644063
-0.006446399861731447
-0.006257961982988411
-0.006525026101941213
-0.006542130259088983
-0.006769140843035208
-0.006902039920710225
-0.006939122520017427
-0.00705528476181041
-0.006833226550039312
-0.006883477089176073
-0.006520512745703833
-0.006528385688170099
-0.00618246107050803
-0.006192945854588407
-0.005994788673135219
-0.006040396105150961
-0.006120758525042349
-0.006176515000477483
-0.006381239169144807
-0.006318774946501083
-0.006521509150632345
-0.006301459441435694
-0.00640525462816751
-0.00611480852307529
-0.006150569814881385
-0.005971282753920552
-0.005985078336254061
-0.005981033121087155
-0.005913059045039009
-0.006046944397199397
-0.00591086371690616
-0.006143435528266086
-0.005994821739146914
-0.006180943747469527
-0.005992812360579367
-0.006031287991034061
-0.005856859848660394
-0.005805585681320496
-0.005776198142770959
-0.005668058964830878
-0.005799324126390195
-0.005682283039317445
-0.005932636026865317
-0.00581050585828449
-0.00600327633318862
-0.00585424079020955
-0.005947584968344577
-0.005839765890810974
-0.005805655212757069
-0.005789096607142975
-0.005623940944976397
-0.005718541903161433
-0.005560036400500521
-0.005739065217598744
-0.005530955250494575
-0.005657062197928257
-0.005499659691972908
-0.005588251676992852
-0.005557345832183301
-0.005597357158265648
-0.005661001668708806
-0.005571898242596374
-0.005710311300458524
-0.005517905872679146
-0.005637148674079224
-0.005365391803563979
-0.005413782741315068
-0.005207647969764116
-0.005229035819635504
-0.005177960118468471
-0.00516423654356651
-0.005243255357770098
-0.005173319547854835
-0.005331958949927894
-0.005159107194294825
-0.005300436885495121
-0.005098220004279148
-0.005216935828368026
-0.005084342754184791
-0.005129960956952992
-0.005052233428260404
-0.004963439360979474
-0.004961251296695852
-0.004801003478946046
-0.004895478600117522
-0.004704161209968274
-0.004897113279319574
-0.00476646072324284
-0.004931883821083188
-0.004810457990164716
-0.00480152114666809
-0.004719690153470554
-0.004608882798803025
-0.004650144858846631
-0.004516611915243474
-0.004641732438624149
-0.004466104881524352
-0.004647476614399457
-0.004529719812648231
-0.004686511934631909
-0.004616855221717014
-0.004641660654477637
-0.004603334021039461
-0.004486186802718841
-0.004494104968104195
-0.004293974381724239
-0.004399393428939607
-0.004250845388409715
-0.004449440146211215
-0.004362236785803018
-0.004531746027337476
-0.004467055270155943
-0.004475133447546348
-0.004448131045266322
-0.004346975333335266
-0.00436463912445986
-0.004196148121799251
-0.004332862901949992
-0.004163595460957031
-0.004305080925071887
-0.00411809490079689
-0.004193764541138528
-0.004088650002064784
-0.004091589113162926
-0.004125204539876172
-0.004064506041944909
-0.004169297830904506
-0.004046622592257735
-0.00417485435897891
-0.00398093325319764
-0.004076592098568808
-0.003898366166763495
-0.003969866303340779
-0.003896085376921963
-0.003909749903643962
-0.003924496706092103
-0.003831795249463292
-0.003910634095781132
-0.003763589561032949
-0.003901052167485771
-0.003714043227989877
-0.003827335853102513
-0.00367175977458054
-0.003726866469756625
-0.003652257933552057
-0.0036325240094642
-0.003667120365480024
-0.003555303994148624
-0.003650772344416425
-0.003480434076521702
-0.003592077764456561
-0.003440686558455333
