# Data file generated by gp_save.m
# F/Hz magnitude
0	-0.943798473488755
11.02224443889028	19.13002243110553
22.04448887778056	28.17157456063877
33.06673331667083	27.55653381277283
44.08897775556111	23.35368513682275
55.11122219445139	20.81648207498934
66.13346663334167	19.44018492572783
77.15571107223194	18.97899055171595
88.17795551112222	16.81103591597801
99.2001999500125	16.1744256417383
110.2224443889028	15.2761520797377
121.2446888277931	15.07129891832405
132.2669332666833	13.68987843217118
143.2891777055736	13.28782237235417
154.3114221444639	13.22665330867051
165.3336665833542	13.73307789225767
176.3559110222444	13.07198662606848
187.3781554611347	12.72712794639668
198.400399900025	12.05848219418888
209.4226443389153	12.36887982373263
220.4448887778055	11.78361361915606
231.4671332166958	11.1219814915585
242.4893776555861	10.38982553314281
253.5116220944764	10.3839606491586
264.5338665333667	10.47271403156446
275.5561109722569	10.65091983928437
286.5783554111472	9.625239161181781
297.6005998500375	9.515926378430052
308.6228442889278	13.67289246255717
319.6450887278181	14.65037594361027
330.6673331667083	13.74379600513601
341.6895776055986	12.81774053650314
352.7118220444889	12.13879476042541
363.7340664833791	11.11004479825338
374.7563109222694	8.441858111478666
385.7785553611597	3.869220164829969
396.80079980005	-7.260220100743766
407.8230442389403	-7.093752605014387
418.8452886778305	1.85069881163767
429.8675331167208	5.786322862245967
440.8897775556111	7.131061885964328
451.9120219945014	7.57008007660059
462.9342664333917	7.913022411523258
473.9565108722819	8.928072689305324
484.9787553111722	10.40498743845225
496.0009997500625	11.88517162078874
507.0232441889528	13.29652458621477
518.045488627843	14.5984212911568
529.0677330667334	15.88107479727307
540.0899775056236	16.75186092574087
551.1122219445139	17.27936711119879
562.1344663834042	17.63460392257446
573.1567108222945	17.41263289201652
584.1789552611847	18.47948638894158
595.201199700075	17.03271210090412
606.2234441389653	16.16308482889255
617.2456885778555	18.30262920010453
628.2679330167458	19.56947046530375
639.2901774556361	19.80097847534562
650.3124218945263	19.45707640973394
661.3346663334166	18.46104511533757
672.3569107723069	16.44783442790431
683.3791552111973	14.10260465501467
694.4013996500875	11.97385283432541
705.4236440889778	12.04884677491037
716.4458885278681	13.21502099552114
727.4681329667583	14.24202328958984
738.4903774056486	15.53874321029406
749.5126218445389	17.27896121005688
760.5348662834292	18.67684964582882
771.5571107223194	19.88407629318559
782.5793551612097	20.53384196619925
793.6015996001	21.12490777232989
804.6238440389902	21.2979512949242
815.6460884778805	21.35258937387046
826.6683329167709	21.08549236897294
837.690577355661	20.80592943240087
848.7128217945514	20.6558958988434
859.7350662334417	20.34565298949312
870.757310672332	20.65159066120694
881.7795551112222	19.45994457051103
892.8017995501125	20.48649001634618
903.8240439890028	20.53556274167212
914.846288427893	18.6908502778801
925.8685328667833	16.55606180630828
936.8907773056736	16.74530978625255
947.9130217445638	17.64308695179065
958.9352661834541	18.00383358927714
969.9575106223444	17.9127966733996
980.9797550612348	17.03578248394155
992.001999500125	15.37247681683924
1003.024243939015	13.29397125707774
1014.046488377906	11.10231327839861
1025.068732816796	8.910598746189521
1036.090977255686	6.326290593837228
1047.113221694576	5.658063127439902
1058.135466133467	8.170333746543506
1069.157710572357	10.33856894034834
1080.179955011247	11.5934130081005
1091.202199450137	12.02436084085345
1102.224443889028	11.87029079143835
1113.246688327918	11.66641216071508
1124.268932766808	11.2822848903853
1135.291177205699	11.32283108797921
1146.313421644589	10.76154874466235
1157.335666083479	10.86588430265974
1168.357910522369	8.781424749142701
1179.38015496126	10.42384781362047
1190.40239940015	6.087046389820955
1201.42464383904	2.280668659190198
1212.446888277931	6.732931283798806
1223.469132716821	7.436642089349505
1234.491377155711	4.168226816601575
1245.513621594601	-3.813269661457952
1256.535866033492	-6.154730107758496
1267.558110472382	0.09386492451272943
1278.580354911272	2.523945077061924
1289.602599350163	2.422257758273375
1300.624843789053	-1.074155443520795
1311.647088227943	-7.548507636132186
1322.669332666833	-2.851721166135491
1333.691577105724	3.274967843982225
1344.713821544614	7.149900994009755
1355.736065983504	9.973673887468806
1366.758310422395	11.64818097332292
1377.780554861285	12.86022010829795
1388.802799300175	13.31632191487805
1399.825043739065	13.7481704243154
1410.847288177956	13.8928804257047
1421.869532616846	13.98433140385985
1432.891777055736	14.31763896953895
1443.914021494626	13.95055188823926
1454.936265933517	14.38064102722761
1465.958510372407	13.04174419040068
1476.980754811297	12.55158785772103
1488.002999250187	13.17073925925628
1499.025243689078	11.3626946604505
1510.047488127968	8.694780160019235
1521.069732566858	9.658972981164951
1532.091977005749	10.68335817867732
1543.114221444639	9.798260021448471
1554.136465883529	6.692689258753433
1565.158710322419	1.863177285572306
1576.18095476131	2.049602714360631
1587.2031992002	6.545294139630414
1598.22544363909	9.547907370925657
1609.24768807798	11.22945096263555
1620.269932516871	11.49828461284565
1631.292176955761	11.27572066214375
1642.314421394651	10.44989600047396
1653.336665833542	9.419623362894271
1664.358910272432	7.945583266031605
1675.381154711322	6.631957293847606
1686.403399150212	7.270470733787633
1697.425643589103	8.56120500884721
1708.447888027993	9.429140345497331
1719.470132466883	10.20806164304702
1730.492376905774	10.1215809195166
1741.514621344664	11.25315820461515
1752.536865783554	10.91725888586325
1763.559110222444	11.77138516252631
1774.581354661335	12.2747717614991
1785.603599100225	10.72791538871189
1796.625843539115	10.39725184719295
1807.648087978006	11.95425447420534
1818.670332416896	12.22477429216589
1829.692576855786	11.20417632355979
1840.714821294676	9.087128938251936
1851.737065733567	7.875750933754503
1862.759310172457	8.234418656159647
1873.781554611347	8.667082018737901
1884.803799050238	8.580461216266016
1895.826043489128	8.031735221559231
1906.848287928018	6.380483806018589
1917.870532366908	3.174977364371969
1928.892776805799	-1.571532179898796
1939.915021244689	-8.373047197616387
1950.937265683579	-12.18982869483193
1961.95951012247	-3.179800641797428
1972.98175456136	1.293069808224146
1984.00399900025	3.100356672925614
1995.02624343914	4.022999502307556
2006.048487878031	3.908756564659299
2017.070732316921	4.466559530863762
2028.092976755811	3.251854531881264
2039.115221194701	3.99436057677886
2050.137465633592	-0.3438947252551827
2061.159710072482	-1.357303435555153
2072.181954511372	-2.169655633262281
2083.204198950262	-8.489835808190819
2094.226443389153	-17.93462457930174
2105.248687828043	-12.38443422958053
2116.270932266933	-14.01704633909858
2127.293176705823	-4.776724813980422
2138.315421144714	-0.03100544009919304
2149.337665583604	2.4065402709263
2160.359910022494	3.08231984428069
2171.382154461385	2.399138633806757
2182.404398900275	0.5961295396857054
2193.426643339165	0.08212667718929367
2204.448887778055	2.057594699022104
2215.471132216946	5.516420948925088
2226.493376655836	7.931488764485977
2237.515621094726	9.491043303452585
2248.537865533617	10.65458199445537
2259.560109972507	11.41267876165892
2270.582354411397	11.74182811519054
2281.604598850287	11.55604451598809
2292.626843289178	11.06673261223608
2303.649087728068	10.31879489048471
2314.671332166958	9.583935967683104
2325.693576605849	8.47792001663349
2336.715821044739	7.765276291772039
2347.738065483629	6.169883324014705
2358.760309922519	8.45612522527729
2369.78255436141	8.226467968980501
2380.8047988003	8.911710256332128
2391.82704323919	11.28297635407186
2402.849287678081	11.9327323690069
2413.871532116971	11.46905828389572
2424.893776555861	11.16803168839263
2435.916020994751	11.97360019634723
2446.938265433642	12.47374398208095
2457.960509872532	11.65134675842464
2468.982754311422	8.845760790651539
2480.004998750313	5.388429827757506
2491.027243189203	6.043471784590309
2502.049487628093	9.475658564282995
2513.071732066983	11.56132636836237
2524.093976505874	12.68465182184777
2535.116220944764	12.98996373105803
2546.138465383654	13.3577876652373
2557.160709822545	14.02071262750617
2568.182954261435	14.95692257345762
2579.205198700325	16.30605865148796
2590.227443139215	17.77354925902608
2601.249687578105	18.95252159706844
2612.271932016996	19.79763265152087
2623.294176455886	20.21754717447521
2634.316420894776	20.06141305720602
2645.338665333667	20.20688803726395
2656.360909772557	19.08466774080861
2667.383154211447	18.40770457752154
2678.405398650337	18.44286707350744
2689.427643089228	17.5662271960081
2700.449887528118	16.85889471346049
2711.472131967008	17.7084482431691
2722.494376405898	18.64742660187595
2733.516620844789	18.854926642257
2744.538865283679	18.5348815067953
2755.561109722569	18.63146990224269
2766.58335416146	19.36723816392983
2777.60559860035	19.96079636417595
2788.62784303924	19.80925639546149
2799.65008747813	18.99870953847417
2810.672331917021	17.51413548328748
2821.694576355911	15.22388352959197
2832.716820794801	12.95620655503781
2843.739065233692	12.00542539049846
2854.761309672582	11.73523195485656
2865.783554111472	11.52710188176781
2876.805798550362	10.10905453055665
2887.828042989253	7.895305070033402
2898.850287428143	3.222443213406123
2909.872531867033	5.434242319034752
2920.894776305924	9.645509766704507
2931.917020744814	12.43432961482026
2942.939265183704	12.92150537270894
2953.961509622594	15.42343562822956
2964.983754061485	15.97196450366611
2976.005998500375	14.62743464447615
2987.028242939265	14.21696366145085
2998.050487378156	14.95464749039772
3009.072731817046	14.5372023079486
3020.094976255936	12.84415723681556
3031.117220694826	10.25344812012548
3042.139465133717	9.00822000109207
3053.161709572607	10.34748834582287
3064.183954011497	12.92860116207254
3075.206198450388	13.92388983669159
3086.228442889278	13.8046439972145
3097.250687328168	12.61747140268723
3108.272931767058	13.08516325960771
3119.295176205948	15.65128906823995
3130.317420644839	18.73098326577761
3141.339665083729	21.00427356967135
3152.361909522619	22.20322122740295
3163.38415396151	22.79786755555736
3174.4063984004	22.9877538548857
3185.42864283929	23.19922544637743
3196.45088727818	23.18493083224217
3207.473131717071	23.87938307509029
3218.495376155961	24.02510959854469
3229.517620594851	24.9540879227409
3240.539865033742	24.88978819587268
3251.562109472632	24.95764942294535
3262.584353911522	25.47470795457247
3273.606598350412	24.95311057654482
3284.628842789303	23.60161345183164
3295.651087228193	22.86577866545316
3306.673331667083	22.09451362447319
3317.695576105973	20.02007524064689
3328.717820544864	17.74844428269517
3339.740064983754	18.91230152964566
3350.762309422644	20.86039185706737
3361.784553861535	21.57080044724391
3372.806798300425	21.13317062397439
3383.829042739315	21.29336939526164
3394.851287178205	22.7921137056252
3405.873531617096	24.01235280905384
3416.895776055986	24.45225122644023
3427.918020494876	24.1110702132663
3438.940264933767	22.9007028470528
3449.962509372657	21.89981603607714
3460.984753811547	21.81097980222138
3472.006998250437	22.84105325657814
3483.029242689328	23.52021227690949
3494.051487128218	24.6408925581059
3505.073731567108	24.53990830017625
3516.095976005999	25.07966929313859
3527.118220444889	24.1027472063776
3538.140464883779	24.03479825824961
3549.162709322669	23.96976717269486
3560.18495376156	23.23617392477317
3571.20719820045	23.8810753392298
3582.22944263934	24.90996763771973
3593.251687078231	24.43666157936423
3604.273931517121	23.2136212438064
3615.296175956011	22.30878541944378
3626.318420394901	21.62715257965355
3637.340664833792	19.52714921626071
3648.362909272682	15.90910956265965
3659.385153711572	9.198702254440917
3670.407398150463	6.273516834252675
3681.429642589353	7.624097599504381
3692.451887028243	11.20793496808646
3703.474131467133	15.41234862571667
3714.496375906023	18.24897677452471
3725.518620344914	19.46094866065005
3736.540864783804	19.96229260508532
3747.563109222694	19.31976107322177
3758.585353661585	18.09192169945105
3769.607598100475	18.70461478611182
3780.629842539365	19.14086961143181
3791.652086978255	21.32326936968738
3802.674331417146	21.81087150647923
3813.696575856036	22.47836437526982
3824.718820294926	22.53895944832935
3835.741064733817	20.77615001320883
3846.763309172707	20.20752815908017
3857.785553611597	19.82593464205362
3868.807798050487	17.76980669928029
3879.830042489378	18.45337487957291
3890.852286928268	19.71059665595948
3901.874531367158	18.55167625922014
3912.896775806048	15.863993089823
3923.919020244939	15.94911089608462
3934.941264683829	15.69956434708733
3945.963509122719	13.26299626664044
3956.98575356161	12.3954032583803
3968.0079980005	18.25791682767596
3979.03024243939	21.94573196763874
3990.05248687828	23.44761405867065
4001.074731317171	23.96730836861524
4012.096975756061	24.45906341450078
4023.119220194951	24.95292544008089
4034.141464633842	25.62616813041342
4045.163709072732	25.92689390658452
4056.185953511622	26.29428342335372
4067.208197950512	25.30900678678802
4078.230442389403	24.74580348013109
4089.252686828293	22.73119881491084
4100.274931267183	22.55799946568538
4111.297175706073	21.9532635258316
4122.319420144964	22.62522763852249
4133.341664583854	23.46574083616306
4144.363909022744	22.70886421744774
4155.386153461634	21.94550317940198
4166.408397900525	21.89126778120676
4177.430642339415	20.22295645899715
4188.452886778306	18.06072521815111
4199.475131217196	18.77215554994608
4210.497375656086	19.77646709388173
4221.519620094977	19.04017851745176
4232.541864533867	18.44212865022818
4243.564108972757	18.6327306722458
4254.586353411647	18.33963665117869
4265.608597850537	16.01819755112442
4276.630842289428	8.958733338840318
4287.653086728318	5.179813519772622
4298.675331167208	13.8864792936952
4309.697575606098	16.31031504316013
4320.719820044988	17.38290034979889
4331.742064483879	17.59300085876775
4342.764308922769	17.98047337150783
4353.78655336166	18.60387625321454
4364.80879780055	19.76221073351418
4375.831042239441	19.57130618068548
4386.853286678331	19.54402055538102
4397.875531117221	16.71907709538941
4408.897775556111	14.2680942859481
4419.920019995001	10.0249182807359
4430.942264433892	-6.925479083140601
4441.964508872782	1.029960683126887
4452.986753311672	-0.4881148146867247
4464.008997750562	6.688093147061863
4475.031242189452	7.843740178620749
4486.053486628343	4.656634232341958
4497.075731067233	9.887672071623996
4508.097975506123	14.31814350694786
4519.120219945014	15.57378565781642
4530.142464383904	16.16207040450466
4541.164708822795	17.30751716917793
4552.186953261685	18.72099786563916
4563.209197700575	19.1941211296967
4574.231442139465	18.71525594134893
4585.253686578356	18.17407986454354
4596.275931017246	19.02868424037069
4607.298175456136	20.41267162515655
4618.320419895026	21.57298470045856
4629.342664333916	21.87504167806748
4640.364908772807	22.32343687202143
4651.387153211697	21.83401360581448
4662.409397650587	22.15824280202608
4673.431642089477	21.74043508697315
4684.453886528368	21.93868097101809
4695.476130967259	21.11082559456989
4706.498375406149	19.68170257562565
4717.520619845039	18.37462216619244
4728.542864283929	16.17782235439235
4739.56510872282	14.61475761396636
4750.58735316171	15.81669897878058
4761.6095976006	16.08770111695053
4772.63184203949	16.89644094356966
4783.65408647838	18.02727423130973
4794.676330917271	18.40647088867135
4805.698575356161	17.51038277636783
4816.720819795051	17.06126146983289
4827.743064233941	17.17491993457156
4838.765308672831	17.37352547144322
4849.787553111722	16.89306434947338
4860.809797550613	16.47993137900127
4871.832041989503	16.67321346337471
4882.854286428393	17.07778776399292
4893.876530867284	16.81865183553053
4904.898775306174	15.75116682134924
4915.921019745064	14.08619778916562
4926.943264183954	13.5433147773503
4937.965508622844	13.25902373653935
4948.987753061735	14.40117025149388
4960.009997500625	14.02207977521286
4971.032241939515	14.10717275254625
4982.054486378405	12.91912146109993
4993.076730817295	12.72958518063143
5004.098975256186	13.23960124406588
5015.121219695076	12.60894646068677
5026.143464133967	12.35413954973727
5037.165708572857	11.77440729686626
5048.187953011748	9.191504268548968
5059.210197450638	4.736345104404052
5070.232441889528	0.2570593579781359
5081.254686328418	-0.9014731939188181
5092.276930767308	3.384523705147018
5103.299175206199	4.953589097197664
5114.321419645089	4.720594005015229
5125.343664083979	2.910331817951317
5136.365908522869	4.014286160876452
5147.388152961759	5.296621845506451
5158.41039740065	5.200965024652476
5169.43264183954	4.439477009099022
5180.45488627843	5.462172598590939
5191.477130717321	7.739202311647574
5202.499375156211	8.494278918360209
5213.521619595102	7.459457220097349
5224.543864033992	5.005192588882778
5235.566108472882	3.061991926580532
5246.588352911772	5.747140944168734
5257.610597350663	7.530323918993815
5268.632841789553	8.809284831047165
5279.655086228443	8.854287877264227
5290.677330667333	7.061566974806226
5301.699575106223	8.013818657823549
5312.721819545114	8.287393825159327
5323.744063984004	7.983890304007545
5334.766308422894	9.164355798456555
5345.788552861784	7.8659505758759
5356.810797300674	6.304838290583575
5367.833041739565	8.900862129026294
5378.855286178456	11.34829775478988
5389.877530617346	12.86759779997783
5400.899775056236	15.26337819764025
5411.922019495127	16.87675763468985
5422.944263934017	17.70500503469208
5433.966508372907	17.60861911579255
5444.988752811797	17.5325385624606
5456.010997250687	17.67182227557811
5467.033241689578	17.7488030170005
5478.055486128468	17.18609663406285
5489.077730567358	16.43346856375507
5500.099975006248	16.08314961010332
5511.122219445138	16.91011476034195
5522.144463884029	16.89794990973832
5533.166708322919	16.91315363003474
5544.18895276181	15.56020875045138
5555.2111972007	14.62238776794398
5566.233441639591	14.02580439809037
5577.255686078481	14.61887757180749
5588.277930517371	15.92179405291938
5599.300174956261	15.67578209019825
5610.322419395151	15.64145444838982
5621.344663834042	16.09331350884558
5632.366908272932	15.53666206278064
5643.389152711822	16.1039459354251
5654.411397150712	16.89139270458423
5665.433641589602	16.61158665006806
5676.455886028493	15.39994901493472
5687.478130467383	15.15862210006706
5698.500374906273	14.36732702248531
5709.522619345164	13.31041895863717
5720.544863784054	13.89207465537663
5731.567108222945	16.11625812604913
5742.589352661835	17.75729647304132
5753.611597100725	18.17540860943092
5764.633841539615	18.12309557658612
5775.656085978506	18.19902248861528
5786.678330417396	18.31869643141108
5797.700574856286	18.15888110287328
5808.722819295176	16.83426025598953
5819.745063734066	15.86086876303293
5830.767308172957	14.75946755359489
5841.789552611847	15.22896170834939
5852.811797050737	15.46182551168157
5863.834041489627	14.80319610846297
5874.856285928518	14.39416468005925
5885.878530367409	11.56626925300949
5896.900774806299	7.35044164663897
5907.923019245189	6.159195091922584
5918.945263684079	2.550857571272246
5929.96750812297	-1.191815955238354
5940.98975256186	1.418079651828947
5952.01199700075	0.5467146379166081
5963.03424143964	-0.34859660395378
5974.05648587853	-4.505378276675614
5985.078730317421	-10.7432872954017
5996.100974756311	-9.746403001318612
6007.123219195201	-9.08026111779769
6018.145463634091	-1.915048427169452
6029.167708072981	5.916708921602932
6040.189952511872	10.4075984703971
6051.212196950763	12.08410880520471
6062.234441389653	12.30963348568673
6073.256685828543	11.35826072199431
6084.278930267434	11.10545118007212
6095.301174706324	11.18187177308815
6106.323419145214	10.63758083781165
6117.345663584104	6.344164745786443
6128.367908022994	1.924397275581271
6139.390152461885	-2.786414838237278
6150.412396900775	3.752711027689472
6161.434641339665	6.093521887791155
6172.456885778555	7.750085053750013
6183.479130217445	4.332741776290007
6194.501374656336	7.369180443674068
6205.523619095226	11.61432820546639
6216.545863534117	12.87291197579786
6227.568107973007	14.93953630378604
6238.590352411897	16.19907299831581
6249.612596850788	16.12290466002091
6260.634841289678	15.6244955437631
6271.657085728568	16.94455676880411
6282.679330167458	17.53011035397097
6293.701574606349	17.50156335041684
6304.723819045239	17.16541856155541
6315.746063484129	17.20562267342059
6326.768307923019	16.9882350199162
6337.790552361909	15.55756770596251
6348.8127968008	13.52557667329245
6359.83504123969	12.68771002770531
6370.85728567858	14.34896016657555
6381.87953011747	15.44160891656065
6392.901774556361	15.47405173298966
6403.924018995252	15.84455357429479
6414.946263434142	16.57192365304911
6425.968507873032	16.69478370795728
6436.990752311922	16.8833667777707
6448.012996750813	15.02923357713041
6459.035241189703	13.3665105542282
6470.057485628593	10.69969316716418
6481.079730067483	7.874767708515236
6492.101974506373	10.07434175586795
6503.124218945264	9.826617486211319
6514.146463384154	7.14222524504504
6525.168707823044	5.878927830192694
6536.190952261934	1.222209265105136
6547.213196700824	-1.338342455414477
6558.235441139715	7.016803199680851
6569.257685578606	7.717193369016655
6580.279930017496	7.496662095475926
6591.302174456386	8.889011804277217
6602.324418895277	10.78389923664182
6613.346663334167	11.58797909539139
6624.368907773057	11.67039575653084
6635.391152211947	12.90583340086175
6646.413396650837	13.92711360731188
6657.435641089728	14.41792665966602
6668.457885528618	13.07619501449952
6679.480129967508	11.0412884302736
6690.502374406398	8.241767027463766
6701.524618845288	8.452611128504387
6712.546863284179	6.441511477735716
6723.569107723069	6.686543241830108
6734.59135216196	5.74635857019328
6745.61359660085	9.428078596777723
6756.635841039741	10.63912669695756
6767.658085478631	11.51259196310403
6778.680329917521	12.17635114212516
6789.702574356411	10.80198390544894
6800.724818795301	7.662687976279926
6811.747063234192	6.784999881317987
6822.769307673082	5.428264863362898
6833.791552111972	3.488785401137932
6844.813796550862	3.974419849644846
6855.836040989752	5.788705963055946
6866.858285428643	5.001052816015516
6877.880529867533	3.748290139489683
6888.902774306423	2.211919232622392
6899.925018745314	3.348674496595052
6910.947263184204	4.88098541784646
6921.969507623095	5.395518489202686
6932.991752061985	5.045806195005383
6944.013996500875	4.838176491455371
6955.036240939765	7.124092865835777
6966.058485378656	8.100226132339969
6977.080729817546	8.918759901790239
6988.102974256436	6.767916571971213
6999.125218695326	4.099327705738673
7010.147463134216	1.432374563661995
7021.169707573107	-3.620212189860212
7032.191952011997	-6.133583060020698
7043.214196450887	-8.496480522164291
7054.236440889777	-0.7475924560751537
7065.258685328668	2.07528535584872
7076.280929767559	4.939201129007301
7087.303174206449	5.69921223714789
7098.325418645339	2.130494163154154
7109.347663084229	-3.307017916696623
7120.36990752312	-6.145306475350168
7131.39215196201	-4.375895325967107
7142.4143964009	2.536279800613229
7153.43664083979	4.413900652862495
7164.45888527868	3.860958037510599
7175.481129717571	4.373384510032977
7186.503374156461	7.264863834542155
7197.525618595351	8.979753264683012
7208.547863034241	9.625865624823788
7219.570107473131	10.49646047591148
7230.592351912022	11.37479293621827
7241.614596350913	12.26842486250592
7252.636840789803	11.84605865350478
7263.659085228693	12.02983124069745
7274.681329667584	12.25570616327414
7285.703574106474	13.99304878674864
7296.725818545364	13.90584379413728
7307.748062984254	13.92812240803464
7318.770307423144	12.94741212739878
7329.792551862035	12.14251877161465
7340.814796300925	11.84776216185143
7351.837040739815	10.25192485516231
7362.859285178705	8.853768078142039
7373.881529617595	7.722003403097531
7384.903774056486	6.963740026751253
7395.926018495376	10.06694632158867
7406.948262934266	11.37383690726531
7417.970507373157	11.37153763275995
7428.992751812047	11.05150418992571
7440.014996250938	10.47158201715743
7451.037240689828	8.232960518214185
7462.059485128718	7.438099347939712
7473.081729567608	8.731646761963049
7484.103974006499	8.618483429873223
7495.126218445389	7.529069008273524
7506.148462884279	7.379743585223736
7517.170707323169	8.258473615262986
7528.192951762059	9.055464257248502
7539.21519620095	8.983680269203774
7550.23744063984	10.68890281343657
7561.25968507873	11.54460423800452
7572.28192951762	12.56049529767303
7583.304173956511	11.06074982351751
7594.326418395402	11.24567951609669
7605.348662834292	11.39390114767895
7616.370907273182	12.44576972560463
7627.393151712072	12.83870714631672
7638.415396150963	12.00724699266929
7649.437640589853	11.98397285159704
7660.459885028743	11.5272096339196
7671.482129467633	10.11289588225313
7682.504373906523	9.810336448996992
7693.526618345414	8.41474041087622
7704.548862784304	4.924348251579545
7715.571107223194	-1.701797809580825
7726.593351662084	-6.036151744547624
7737.615596100974	-3.129359094492884
7748.637840539865	-3.661167918783974
7759.660084978756	-9.725919662139106
7770.682329417646	-6.08795298239103
7781.704573856536	0.5435348041260397
7792.726818295427	2.588739652888833
7803.749062734317	2.278041073805142
7814.771307173207	3.711741058769405
7825.793551612097	5.92726827321502
7836.815796050987	6.390935222162739
7847.838040489878	7.12451906883237
7858.860284928768	7.651428772479505
7869.882529367658	10.23443461708814
7880.904773806548	10.85575160465945
7891.927018245438	9.762106496790466
7902.949262684329	9.020230957393082
7913.971507123219	8.052427190883478
7924.99375156211	9.848975388509331
7936.015996001	9.963487724652182
7947.03824043989	9.296056070857205
7958.060484878781	9.486783942115537
7969.082729317671	7.923816834037481
7980.104973756561	7.332053159520285
7991.127218195451	7.484046902704762
8002.149462634342	4.938270678557885
8013.171707073232	0.9129446099936445
8024.193951512122	6.08752172343921
8035.216195951012	8.86622710039714
8046.238440389902	11.52101463121514
8057.260684828793	13.26747607188719
8068.282929267683	13.30973297730024
8079.305173706573	12.44583010388968
8090.327418145464	11.88414448352147
8101.349662584354	12.56674504648592
8112.371907023245	12.93861461045162
8123.394151462135	12.46592778201452
8134.416395901025	12.66732374271429
8145.438640339915	12.79656367696955
8156.460884778806	13.43267934472551
8167.483129217696	12.53352234947434
8178.505373656586	12.62912627378357
8189.527618095476	13.86170782889108
8200.549862534366	14.44586529517359
8211.572106973257	14.72802832075972
8222.594351412146	13.46928446597437
8233.616595851037	12.92186222363787
8244.638840289928	13.22190992493984
8255.661084728818	12.66474282104932
8266.683329167709	12.94956138066128
8277.705573606598	12.35044178675757
8288.727818045489	10.69754439434087
8299.75006248438	10.13658031266925
8310.772306923269	10.81999134739496
8321.79455136216	8.534958872767874
8332.816795801049	5.219155081041038
8343.83904023994	0.1306465352594728
8354.861284678831	0.4221390453045899
8365.88352911772	8.227077293947019
8376.905773556611	11.66964756961595
8387.928017995502	12.56551043150399
8398.950262434391	12.26283910495926
8409.972506873282	11.82179285857305
8420.994751312172	12.71930424307993
8432.016995751062	12.45742571704216
8443.039240189953	12.66849083036632
8454.061484628843	11.89816321410088
8465.083729067734	13.02809780576125
8476.105973506623	12.92199975301807
8487.128217945514	11.39494420326247
8498.150462384405	10.12730785484057
8509.172706823294	9.16237898516701
8520.194951262185	11.01642653022469
8531.217195701074	10.94451349660361
8542.239440139965	9.215656502955227
8553.261684578856	8.811118716502079
8564.283929017745	6.232256658659367
8575.306173456636	5.152601568743464
8586.328417895525	5.710969055471352
8597.350662334416	3.758328784735852
8608.372906773307	-3.276574434989485
8619.395151212197	0.3104526654960438
8630.417395651088	-0.05872439884794289
8641.439640089977	-3.916038869804765
8652.461884528868	-3.358969418293981
8663.484128967759	3.343205951036836
8674.506373406648	8.319143556954259
8685.528617845539	11.11221738965679
8696.550862284428	11.97023443065908
8707.573106723319	11.58416744838618
8718.59535116221	10.97137673877238
8729.617595601099	11.09743483836179
8740.63984003999	10.84224716297831
8751.662084478881	10.23666106172531
8762.68432891777	9.625471844739053
8773.706573356661	11.85932542232419
8784.728817795551	11.84407898085034
8795.751062234442	11.88996891247213
8806.773306673333	11.12148104058855
8817.795551112222	12.64850612874174
8828.817795551113	14.39463915263011
8839.840039990002	14.2759568262822
8850.862284428893	14.4847798174727
8861.884528867784	14.34239823706201
8872.906773306673	14.0799311397197
8883.929017745564	14.72754904976794
8894.951262184453	15.50033600583232
8905.973506623344	14.63951853892422
8916.995751062235	14.69302004354822
8928.017995501124	15.27765669728619
8939.040239940015	15.3641945991605
8950.062484378905	15.55147957022686
8961.084728817796	15.5457361377068
8972.106973256687	15.12138251945625
8983.129217695576	14.42257685188453
8994.151462134467	15.13815293559188
9005.173706573356	16.94587882576285
9016.195951012247	18.02789147731306
9027.218195451138	18.74563224015149
9038.240439890027	18.95443729174498
9049.262684328918	19.12105197415212
9060.284928767807	18.98921389366889
9071.307173206698	17.87333437964401
9082.329417645589	17.16590361178865
9093.351662084478	16.39350920697947
9104.373906523369	15.91343929281838
9115.39615096226	14.97755246278561
9126.41839540115	12.84112435399764
9137.440639840041	11.9903531075025
9148.46288427893	11.82659250207345
9159.485128717821	12.04788314032959
9170.507373156712	12.45971083973711
9181.529617595601	12.0371370593255
9192.551862034492	10.59761678783067
9203.574106473381	11.25436585708073
9214.596350912272	11.02653560328203
9225.618595351163	9.919356770727958
9236.640839790052	9.930048854959665
9247.663084228943	10.09951519988957
9258.685328667832	10.37602982390028
9269.707573106723	10.9140590273869
9280.729817545614	10.78658127701584
9291.752061984504	9.342163536375821
9302.774306423395	5.716235248988184
9313.796550862284	4.428957825892823
9324.818795301175	6.523061125398826
9335.841039740066	9.639706215676085
9346.863284178955	10.2060102153104
9357.885528617846	10.95354214393532
9368.907773056735	11.00803043005241
9379.930017495626	9.479977632676807
9390.952261934517	7.633010625565817
9401.974506373406	5.423172732011381
9412.996750812297	5.447455985745435
9424.018995251188	4.647916050819148
9435.041239690077	1.268510496054475
9446.063484128968	3.963409618151047
9457.085728567858	7.080136999640004
9468.107973006749	9.585753198623621
9479.13021744564	11.44416120809724
9490.152461884529	11.58146499559638
9501.17470632342	11.60856794928114
9512.196950762309	12.07346623670909
9523.2191952012	12.03031975774394
9534.241439640091	11.29343462448176
9545.26368407898	10.62197829737148
9556.285928517871	10.16191075262158
9567.30817295676	9.555476618839677
9578.330417395651	10.26054842253586
9589.352661834542	11.08253627958035
9600.374906273431	11.28904689714042
9611.397150712322	10.0751814469008
9622.419395151212	9.069516268144966
9633.441639590103	8.470175271971925
9644.463884028994	9.492370660593835
9655.486128467883	9.589038219037761
9666.508372906774	10.09370017066647
9677.530617345663	10.3588354355056
9688.552861784554	10.30352999011976
9699.575106223445	9.840984037365331
9710.597350662334	8.318073511194072
9721.619595101225	6.950036530296856
9732.641839540114	5.790292672622769
9743.664083979005	2.971294121143785
9754.686328417896	0.292053700035467
9765.708572856785	0.3424837314543794
9776.730817295676	2.410316122912732
9787.753061734567	6.15508093681251
9798.775306173457	7.549954271123781
9809.797550612348	7.767822091583781
9820.819795051237	8.431177973852897
9831.842039490128	8.98847810253298
9842.864283929019	9.001199013123312
9853.886528367908	8.681633106161186
9864.908772806799	8.399986363095039
9875.931017245688	7.571717970865819
9886.953261684579	5.847720986095595
9897.97550612347	4.721186892794535
9908.997750562359	5.365763156028294
9920.01999500125	5.976071067917673
9931.042239440139	5.832881930088817
9942.06448387903	3.655204733384068
9953.086728317921	1.858599421018539
9964.108972756811	-0.08350246414933338
9975.131217195702	-2.302973831368149
9986.153461634591	-3.764997020187337
9997.175706073482	-5.188959018206347
10008.19795051237	-3.256637993975289
10019.22019495126	0.2838324646990174
10030.24243939015	1.498346267171712
10041.26468382904	2.35829311738766
10052.28692826793	3.342250386788365
10063.30917270682	3.631633235682557
10074.33141714571	3.447783519371583
10085.3536615846	4.957725953937683
10096.3759060235	6.079169852294882
10107.39815046238	5.811031119300424
10118.42039490128	5.289586530397571
10129.44263934016	4.768297854378275
10140.46488377906	3.999231231731073
10151.48712821795	2.419365368431059
10162.50937265684	0.7709337206060525
10173.53161709573	-1.42327117965722
10184.55386153462	-3.606522902039671
10195.57610597351	-6.085252184176909
10206.5983504124	-5.089755780645149
10217.62059485129	-3.731401001453932
10228.64283929018	-5.839538903952104
10239.66508372907	-3.289049372401792
10250.68732816796	-0.4828382331497494
10261.70957260685	1.622509937263104
10272.73181704574	3.399044184707236
10283.75406148463	4.568420166557132
10294.77630592352	5.531965674192406
10305.79855036241	5.556880422615762
10316.8207948013	3.950256172609571
10327.84303924019	2.711911940919435
10338.86528367908	1.881316195817178
10349.88752811797	0.5662752761348742
10360.90977255686	0.4910735092788059
10371.93201699575	0.6237941504496973
10382.95426143464	-0.2166641362825459
10393.97650587353	0.1193733631165514
10404.99875031242	1.964999510693275
10416.02099475131	3.263107282193559
10427.0432391902	3.847726179909316
10438.06548362909	4.283822126047454
10449.08772806798	3.89711442495296
10460.10997250687	3.353308629579487
10471.13221694576	2.087920831110424
10482.15446138465	1.80482348703903
10493.17670582354	0.6662848846275153
10504.19895026243	-0.5106620538751514
10515.22119470133	-2.295522344912627
10526.24343914021	-2.97899356731665
10537.26568357911	-1.754714647891348
10548.287928018	-1.771936162542133
10559.31017245689	-1.807730140989165
10570.33241689578	-1.987481537654048
10581.35466133467	-2.86686644407061
10592.37690577356	-3.255956528007573
10603.39915021245	-5.918860745264055
10614.42139465134	-6.24407343390429
10625.44363909023	-4.164151117863952
10636.46588352912	-3.028685839313795
10647.48812796801	-2.645142067047829
10658.5103724069	-2.063436835442175
10669.53261684579	-2.421522601830219
10680.55486128468	-2.851062497089345
10691.57710572357	-2.38717692467938
10702.59935016246	-2.410396850371313
10713.62159460135	-2.802092354896089
10724.64383904024	-2.95442253066858
10735.66608347913	-2.572155808624842
10746.68832791802	-0.8562693788065019
10757.71057235691	0.5940105031440908
10768.7328167958	2.138042424733285
10779.75506123469	2.984194153688577
10790.77730567358	4.018057662722683
10801.79955011247	4.715875506490917
10812.82179455136	5.380021931895897
10823.84403899025	5.945129217982824
10834.86628342914	5.741688688912845
10845.88852786803	5.566135891406873
10856.91077230692	5.366908008275274
10867.93301674581	5.214353604500062
10878.9552611847	5.370779403134719
10889.97750562359	5.445990962295809
10900.99975006248	5.778092011021769
10912.02199450137	5.842998281008249
10923.04423894027	5.700648284954525
10934.06648337916	5.201699090699378
10945.08872781805	4.79173875931663
10956.11097225694	3.813218476626446
10967.13321669583	2.77636082013953
10978.15546113472	2.050847474790316
10989.17770557361	1.017097471059159
11000.1999500125	0.1411472038543309
11011.22219445139	-0.6073357574925211
11022.24443889028	-0.7170805298637362
11033.26668332917	-0.4214041286908525
11044.28892776806	-0.2744412840819734
11055.31117220695	-0.3528135335584892
11066.33341664584	-0.8427721589161479
11077.35566108473	-1.20055052829089
11088.37790552362	-1.772182486322464
11099.40014996251	-2.967533520209656
11110.4223944014	-3.697390313787864
11121.44463884029	-5.764168063630251
11132.46688327918	-6.046610215804009
11143.48912771807	-5.694032882811101
11154.51137215696	-5.100791021107341
11165.53361659585	-4.115084507634123
11176.55586103474	-3.688548662334981
11187.57810547363	-2.992735302104478
11198.60034991252	-3.568664399970203
11209.62259435141	-4.42354760037135
11220.6448387903	-6.139135911331749
11231.66708322919	-7.484080087577993
11242.68932766808	-8.948267136797369
11253.71157210697	-7.708018886277017
11264.73381654586	-6.069002730443742
11275.75606098475	-5.330075432354008
11286.77830542364	-4.009437143614036
11297.80054986254	-2.531093000920649
11308.82279430142	-0.7863647865302994
11319.84503874032	0.3969730582840896
11330.8672831792	1.766732355269539
11341.8895276181	2.457983794889387
11352.91177205699	3.136237744000127
11363.93401649588	3.267355845470433
11374.95626093477	3.53827963660008
11385.97850537366	3.515571784541592
11397.00074981255	3.444265540937181
11408.02299425144	3.952776437099999
11419.04523869033	4.197077096243973
11430.06748312922	4.574645640001876
11441.08972756811	4.965787100084782
11452.111972007	5.357783149601758
11463.13421644589	5.846180878373417
11474.15646088478	6.061943033740604
11485.17870532367	6.394446699233654
11496.20094976256	5.797460078157684
11507.22319420145	4.634623811395727
11518.24543864034	2.900535877094583
11529.26768307923	0.7424529363090357
11540.28992751812	-1.870583380754724
11551.31217195701	-2.9252720945194
11562.3344163959	-3.621968113743804
11573.35666083479	-5.589128688734718
11584.37890527368	-5.03120440156259
11595.40114971257	-0.5184984489781641
11606.42339415146	3.064165304000085
11617.44563859035	5.454241547984537
11628.46788302924	6.682469157814253
11639.49012746813	7.766124051218924
11650.51237190702	8.417253341815254
11661.53461634591	9.069762674025299
11672.5568607848	9.368174994620546
11683.57910522369	9.737363206703392
11694.60134966258	9.794669897271774
11705.62359410147	9.350649607800179
11716.64583854037	8.606099690626678
11727.66808297925	7.848216272087797
11738.69032741815	7.12147716615371
11749.71257185704	5.883843247968926
11760.73481629593	4.393006860367009
11771.75706073482	4.186273573266078
11782.77930517371	5.281297252993113
11793.8015496126	6.73184223747117
11804.82379405149	7.275840622360889
11815.84603849038	7.111629159013248
11826.86828292927	6.726686715748897
11837.89052736816	5.595436996156863
11848.91277180705	4.056070230895983
11859.93501624594	2.956551707819017
11870.95726068483	2.495905906537544
11881.97950512372	2.370234843734011
11893.00174956261	1.587229184728301
11904.0239940015	-0.1376588722885117
11915.04623844039	-1.94811471682263
11926.06848287928	-0.7157507242505403
11937.09072731817	0.6392207083856931
11948.11297175706	2.001064833159617
11959.13521619595	3.305802377787828
11970.15746063484	4.288077306589969
11981.17970507373	4.588873396921102
11992.20194951262	4.875358859116545
12003.22419395151	4.405679251490227
12014.2464383904	3.27136475899141
12025.26868282929	-0.209770541363838
12036.29092726818	-3.562241899086885
12047.31317170707	-1.726712975906338
12058.33541614596	-2.028266636921472
12069.35766058485	-2.752688535489014
12080.37990502374	-1.724226249371256
12091.40214946263	1.659806068424103
12102.42439390153	3.726653760863201
12113.44663834041	4.253213218071267
12124.46888277931	4.735623999733207
12135.4911272182	4.944237773067897
12146.51337165709	3.997023971670913
12157.53561609598	2.347205474023866
12168.55786053487	0.8848818224023915
12179.58010497376	1.842659316391405
12190.60234941265	4.404273363873244
12201.62459385154	5.816296748157441
12212.64683829043	6.023089345926067
12223.66908272932	6.734112470938229
12234.69132716821	7.769797536846056
12245.7135716071	8.828067644618628
12256.73581604599	9.608979593933512
12267.75806048488	10.39635410245322
12278.78030492377	10.48661431446317
12289.80254936266	10.36243266420628
12300.82479380155	9.868716704344237
12311.84703824044	9.467115392849081
12322.86928267933	9.032311197112392
12333.89152711822	7.516601676161713
12344.91377155711	4.938400783915995
12355.936015996	2.504059077038931
12366.95826043489	0.1394908708638241
12377.98050487378	-3.157117944098076
12389.00274931267	-12.88928035276088
12400.02499375156	-4.826726640875506
12411.04723819045	0.1595718517109788
12422.06948262934	1.586184580580607
12433.09172706823	2.702174581067439
12444.11397150712	2.972943059436005
12455.13621594601	1.78412801564545
12466.1584603849	-0.528812018934957
12477.18070482379	-5.992910481138139
12488.20294926268	-22.64113115041175
12499.22519370158	-4.609819673820084
12510.24743814046	-2.04267129494518
12521.26968257936	-2.685031632679667
12532.29192701825	-4.903926864807389
12543.31417145714	-2.56186885151628
12554.33641589603	-0.4940665949665402
12565.35866033492	2.139082342706601
12576.38090477381	3.086142942103464
12587.4031492127	3.717486887854108
12598.42539365159	3.868491003615034
12609.44763809048	4.407957266226447
12620.46988252937	5.505296558430956
12631.49212696826	5.40825226612867
12642.51437140715	4.594534432946219
12653.53661584604	5.050683247485182
12664.55886028493	7.177826370154577
12675.58110472382	8.76624904637076
12686.60334916271	9.389880878958493
12697.6255936016	9.815669769345988
12708.64783804049	10.70036005325795
12719.67008247938	11.08257536066301
12730.69232691827	11.2975639575392
12741.71457135716	11.76222190501176
12752.73681579605	11.97906743589142
12763.75906023494	11.8799109881881
12774.78130467383	11.44246666298125
12785.80354911272	10.46886879501214
12796.82579355161	9.438364390444832
12807.8480379905	9.839845610622916
12818.87028242939	10.95440776340232
12829.89252686828	11.56389950823001
12840.91477130717	11.66330883202833
12851.93701574606	11.74389324855204
12862.95926018495	11.42050887797487
12873.98150462384	11.1398138639809
12885.00374906273	10.71781778848862
12896.02599350163	10.41664613055852
12907.04823794051	10.18968487039237
12918.07048237941	9.786168219337384
12929.09272681829	10.13002449139294
12940.11497125719	10.59663909021992
12951.13721569608	10.59463265264041
12962.15946013497	9.642731305350836
12973.18170457386	8.615460757690869
12984.20394901275	8.759155596798649
12995.22619345164	9.329593356672234
13006.24843789053	9.284860481698004
13017.27068232942	9.565075721488242
13028.29292676831	10.01254103825947
13039.3151712072	10.22382963984987
13050.33741564609	10.79091517255037
13061.35966008498	11.47937482268503
13072.38190452387	11.94026953733646
13083.40414896276	12.29374046912646
13094.42639340165	12.18856713099784
13105.44863784054	11.26044817575873
13116.47088227943	9.62554724450888
13127.49312671832	8.075289267906726
13138.51537115721	7.493204147277027
13149.5376155961	6.885807465099305
13160.55986003499	6.742254227916348
13171.58210447388	6.142664103917426
13182.60434891277	5.478275215166661
13193.62659335166	4.466767427841233
13204.64883779055	3.426149479227703
13215.67108222944	3.43651486310344
13226.69332666833	2.465882949716715
13237.71557110722	1.828697191822414
13248.73781554611	2.245475726306864
13259.760059985	3.980941995700263
13270.78230442389	4.895644172634235
13281.80454886278	4.32958547395134
13292.82679330167	3.77153289401943
13303.84903774057	4.141361737063932
13314.87128217946	3.543189405226101
13325.89352661835	2.37220955079691
13336.91577105724	1.701516280078607
13347.93801549613	0.4940545093604243
13358.96025993502	-0.7911789893383343
13369.98250437391	-0.3669408708694988
13381.0047488128	-0.6497390448776343
13392.02699325169	-0.04291429917995515
13403.04923769058	0.3950378958702458
13414.07148212947	0.4401956774152183
13425.09372656836	-1.544043604064342
13436.11597100725	-5.212163418671452
13447.13821544614	-4.222279596302073
13458.16045988503	-0.7990350360209106
13469.18270432392	1.227424328556324
13480.20494876281	2.588348477086384
13491.2271932017	3.20179738411953
13502.24943764059	3.302585769993541
13513.27168207948	4.457595332156785
13524.29392651837	5.124373601925754
13535.31617095726	5.562887630649001
13546.33841539615	5.796133567491921
13557.36065983504	6.552220832961964
13568.38290427393	7.688589461174971
13579.40514871282	8.307755476403884
13590.42739315171	7.662992653938488
13601.4496375906	7.114254454558434
13612.47188202949	7.241464751921626
13623.49412646838	7.186806562056631
13634.51637090727	7.579135443654863
13645.53861534616	8.101002003991454
13656.56085978505	8.084452185601492
13667.58310422394	7.997429459236315
13678.60534866284	8.104952582099941
13689.62759310172	7.97123977140437
13700.64983754062	8.02272187854237
13711.6720819795	8.468286072629624
13722.6943264184	8.961819032893544
13733.71657085729	8.331910936366299
13744.73881529618	7.149280493065959
13755.76105973507	4.917417724534175
13766.78330417396	2.281258305929299
13777.80554861285	0.9128562177951096
13788.82779305174	1.118083650898086
13799.85003749063	2.866322970857951
13810.87228192952	3.314162686498236
13821.89452636841	4.175761643424622
13832.9167708073	5.272980660158893
13843.93901524619	6.330032301383497
13854.96125968508	6.605740253124623
13865.98350412397	6.0363121118951
13877.00574856286	5.454962478748911
13888.02799300175	6.43763453682692
13899.05023744064	6.998490894463387
13910.07248187953	6.411890867766473
13921.09472631842	6.01791118783953
13932.11697075731	5.365420934748698
13943.1392151962	4.306977390485685
13954.16145963509	3.528146922628807
13965.18370407398	2.732354946490602
13976.20594851287	0.7660720154919716
13987.22819295176	-0.8431471141522024
13998.25043739065	-2.57937868378734
14009.27268182954	-4.983227812126103
14020.29492626843	-9.906949823562044
14031.31717070732	-4.522806972794641
14042.33941514621	-2.45002506039171
14053.3616595851	-1.504807363523923
14064.38390402399	-3.219498111674412
14075.40614846288	-8.205805889313126
14086.42839290177	-14.64708903213815
14097.45063734067	-8.409921288407617
14108.47288177955	-4.363293006729165
14119.49512621845	-2.146222864648649
14130.51737065734	-0.7603544629950107
14141.53961509623	0.8172100058198737
14152.56185953512	1.945020837806936
14163.58410397401	2.846741895761781
14174.6063484129	1.791239981938304
14185.62859285179	-0.4434975007051776
14196.65083729068	0.7500765487261276
14207.67308172957	1.477643419218168
14218.69532616846	0.8376270586339274
14229.71757060735	-0.2893804966604137
14240.73981504624	-1.378623487066108
14251.76205948513	-4.433840557280249
14262.78430392402	-3.444214284327558
14273.80654836291	-3.772122255396027
14284.8287928018	-2.986990498478889
14295.85103724069	-2.402592570065792
14306.87328167958	-0.9758702973244908
14317.89552611847	-3.763810616204239
14328.91777055736	-3.456409265379463
14339.94001499625	-1.245614132412044
14350.96225943514	1.109559911171303
14361.98450387403	2.034522354020595
14373.00674831292	0.3369395714721009
14384.02899275181	-1.559495421156498
14395.0512371907	-4.711275731892528
14406.07348162959	-0.4435103395101549
14417.09572606848	3.747235577674246
14428.11797050737	6.44538457478771
14439.14021494626	7.912794353052192
14450.16245938515	8.73234697778696
14461.18470382404	9.385245450777191
14472.20694826293	10.3682466509411
14483.22919270183	10.54979533281775
14494.25143714071	9.483197532088042
14505.27368157961	8.988393946579521
14516.2959260185	8.933140882227065
14527.31817045739	8.647848402990633
14538.34041489628	8.40283643702422
14549.36265933517	8.263434089343917
14560.38490377406	7.133273866842117
14571.40714821295	6.295748793781939
14582.42939265184	5.180477192362133
14593.45163709073	4.504718242272702
14604.47388152962	2.363168994562528
14615.49612596851	3.978969431627377
14626.5183704074	4.023470994625526
14637.54061484629	3.433611949124838
14648.56285928518	2.202518244630411
14659.58510372407	2.230510558231003
14670.60734816296	5.292394065889226
14681.62959260185	6.000994098533937
14692.65183704074	6.906310620226307
14703.67408147963	6.650933929127888
14714.69632591852	5.612350892462686
14725.71857035741	3.462126395267603
14736.7408147963	2.113466529384652
14747.76305923519	3.022531906903154
14758.78530367408	4.703710435490848
14769.80754811297	4.216242136537403
14780.82979255186	4.898908375036001
14791.85203699075	7.417820797106401
14802.87428142964	8.158321713275058
14813.89652586853	7.78676989586009
14824.91877030742	7.572810236100594
14835.94101474631	7.164898096111827
14846.9632591852	6.390454040521561
14857.98550362409	6.532183742506916
14869.00774806298	6.324803398931508
14880.02999250188	6.183313386885089
14891.05223694076	4.869962967879076
14902.07448137966	5.300654360756766
14913.09672581855	4.57897001318257
14924.11897025744	2.542713045626328
14935.14121469633	0.3525314692160748
14946.16345913522	-1.492896258625393
14957.18570357411	-0.8356606956608914
14968.207948013	1.781950889970119
14979.23019245189	1.260021758435414
14990.25243689078	2.037661315759763
15001.27468132967	1.717471329749202
15012.29692576856	0.9782123225344463
15023.31917020745	-2.349682960711746
15034.34141464634	-7.38556791838667
15045.36365908523	-7.031343957261953
15056.38590352412	0.2169119950324614
15067.40814796301	2.385776102669695
15078.4303924019	1.224535615501452
15089.45263684079	3.533079727939224
15100.47488127968	5.966579177340606
15111.49712571857	6.677961264969809
15122.51937015746	5.983289636984566
15133.54161459635	5.732664453305006
15144.56385903524	3.915618991140931
15155.58610347413	2.569107791150117
15166.60834791302	1.204441549293932
15177.63059235191	1.22457272477881
15188.6528367908	-1.166426509348568
15199.67508122969	-3.554641716449026
15210.69732566858	-3.598208690918057
15221.71957010747	-8.08230359668238
15232.74181454636	-8.368951334738298
15243.76405898525	-2.500907637470974
15254.78630342414	2.807942587222414
15265.80854786303	3.609433703956626
15276.83079230193	3.730153086896877
15287.85303674081	4.088840879606636
15298.87528117971	5.107257071455749
15309.89752561859	6.451923600953023
15320.91977005749	8.411853944891803
15331.94201449638	9.676637855402561
15342.96425893527	10.49406455723603
15353.98650337416	10.40132221737056
15365.00874781305	8.850929014407143
15376.03099225194	8.533016537848596
15387.05323669083	8.903715510425357
15398.07548112972	8.093903447059546
15409.09772556861	6.150448217249732
15420.1199700075	6.908553026806288
15431.14221444639	7.652662136542062
15442.16445888528	9.292860471622674
15453.18670332417	9.937071825454126
15464.20894776306	10.29326631038899
15475.23119220195	9.588808807966529
15486.25343664084	9.38784004114882
15497.27568107973	9.120452144968255
15508.29792551862	7.823310337555654
15519.32016995751	6.996256656884896
15530.3424143964	6.732036938501409
15541.36465883529	6.123474102278692
15552.38690327418	5.737631982947903
15563.40914771307	1.991780342415467
15574.43139215196	-1.339925157298737
15585.45363659085	-2.94823345423336
15596.47588102974	-2.100677042757596
15607.49812546863	-0.6489885295301292
15618.52036990752	-2.084585575184349
15629.54261434641	-4.530077512014259
15640.5648587853	-3.899736602474889
15651.58710322419	1.52011432344591
15662.60934766308	5.88039039494619
15673.63159210197	6.345850357430876
15684.65383654087	5.478910676319714
15695.67608097976	5.721080750543521
15706.69832541865	6.808091944966662
15717.72056985754	5.63132273573892
15728.74281429643	4.340064083421083
15739.76505873532	1.202367416903741
15750.78730317421	-2.258319069006291
15761.8095476131	-3.831448546457722
15772.83179205199	0.8538781093596981
15783.85403649088	0.9324320470236813
15794.87628092977	1.217346219102325
15805.89852536866	2.153916638280833
15816.92076980755	1.464681991252831
15827.94301424644	-0.2501813596431361
15838.96525868533	-1.889600095753323
15849.98750312422	-5.924670846612671
15861.00974756311	-3.195460262491736
15872.031992002	-3.026398337175792
15883.05423644089	-1.82662931821443
15894.07648087978	-0.6834691880029595
15905.09872531867	1.34890396235204
15916.12096975756	2.064929652479961
15927.14321419645	2.464779206694942
15938.16545863534	3.07911140872163
15949.18770307423	2.647013106789927
15960.20994751312	5.468722098041155
15971.23219195201	8.045456565304704
15982.2544363909	8.735005095433451
15993.27668082979	7.680834373522885
16004.29892526868	8.003467737194669
16015.32116970757	7.957390047471023
16026.34341414646	7.246220632936001
16037.36565858535	5.941126361533094
16048.38790302424	2.957250922753786
16059.41014746314	-1.010654267379522
16070.43239190202	-1.789280165635191
16081.45463634092	2.760279086055448
16092.4768807798	4.241129726390369
16103.4991252187	6.015948598102938
16114.52136965759	7.104484755688048
16125.54361409648	6.983633723033321
16136.56585853537	7.068203520733903
16147.58810297426	5.973253269561738
16158.61034741315	7.119299004385852
16169.63259185204	7.855439334683979
16180.65483629093	7.722328108543977
16191.67708072982	7.495369053589783
16202.69932516871	7.398043906253804
16213.7215696076	8.303804551525985
16224.74381404649	9.843277825488883
16235.76605848538	10.85094531849069
16246.78830292427	12.27513715943758
16257.81054736316	12.43654706072449
16268.83279180205	11.56047581121683
16279.85503624094	11.55539069384655
16290.87728067983	12.99461106458143
16301.89952511872	13.18401788188758
16312.92176955761	13.47604078384053
16323.9440139965	13.62054214764052
16334.96625843539	13.87194570897924
16345.98850287428	13.76826128016604
16357.01074731317	13.40850206789335
16368.03299175206	12.59722783158814
16379.05523619095	10.46059102087082
16390.07748062984	8.748218943796275
16401.09972506873	7.734609120955142
16412.12196950762	6.914719072819878
16423.14421394651	7.925282111428885
16434.1664583854	8.465679845166733
16445.18870282429	9.737788561183081
16456.21094726319	9.389624460137199
16467.23319170207	8.374413155488327
16478.25543614096	7.993529668982575
16489.27768057986	7.946126358498745
16500.29992501875	7.988308442368591
16511.32216945764	7.535707105601475
16522.34441389653	5.900336322481721
16533.36665833542	5.049166556962604
16544.38890277431	3.424536818096371
16555.4111472132	5.287672813109978
16566.43339165209	8.424855025135429
16577.45563609098	9.274391920747078
16588.47788052987	7.535205875887783
16599.50012496876	7.249867878067207
16610.52236940765	7.09510563604708
16621.54461384654	7.334317251211473
16632.56685828543	6.687772385596531
16643.58910272432	6.669860086996948
16654.61134716321	6.039086283605258
16665.6335916021	6.111975321898754
16676.65583604099	6.878214429065096
16687.67808047988	6.139027688212039
16698.70032491877	3.849078242932336
16709.72256935766	2.781086585647117
16720.74481379655	0.7227859237144401
16731.76705823544	1.820295296642612
16742.78930267433	4.346594477695319
16753.81154711322	5.511690676000399
16764.83379155211	5.47423014334521
16775.856035991	4.938883342123688
16786.87828042989	5.17876826882555
16797.90052486878	5.82080383286268
16808.92276930767	6.858667906627147
16819.94501374656	6.936690998934779
16830.96725818545	6.694507607870008
16841.98950262434	6.809322890475528
16853.01174706324	5.57810971947616
16864.03399150212	5.973307404404338
16875.05623594101	9.326177699126134
16886.07848037991	10.09826035794444
16897.1007248188	9.228735869797958
16908.12296925769	8.523688879397696
16919.14521369657	7.892239817534943
16930.16745813547	7.964837759985215
16941.18970257436	7.217287968780767
16952.21194701325	7.481450348929286
16963.23419145214	6.717354421249638
16974.25643589103	7.486146466357226
16985.27868032992	8.550691453787366
16996.30092476881	7.504446485684895
17007.3231692077	6.757011679033894
17018.34541364659	3.992888613581243
17029.36765808548	3.447983763040583
17040.38990252437	2.964244644297779
17051.41214696326	4.57766730920784
17062.43439140215	7.726147334555478
17073.45663584104	9.613383637751497
17084.47888027993	10.304307373385
17095.50112471882	10.43614230328113
17106.52336915771	10.03873712563947
17117.5456135966	10.37710621448275
17128.56785803549	10.5999103730117
17139.59010247438	10.37370591213372
17150.61234691327	10.59139612538779
17161.63459135216	10.56469398177738
17172.65683579105	8.101687376633549
17183.67908022994	6.354788468744843
17194.70132466883	8.087234754168861
17205.72356910772	9.136593028467118
17216.74581354661	9.237156262089485
17227.7680579855	8.499583906487402
17238.79030242439	8.2312139211367
17249.81254686329	7.017215096063438
17260.83479130218	6.794628367248592
17271.85703574106	5.813660857227134
17282.87928017995	2.655278551984765
17293.90152461885	3.030778155443187
17304.92376905774	2.546077878421187
17315.94601349662	3.88618738304929
17326.96825793552	2.381288335056354
17337.99050237441	0.4191530637996266
17349.0127468133	-1.740486336449322
17360.03499125219	-5.371118151359752
17371.05723569108	-7.971874505725452
17382.07948012997	-1.430969954657286
17393.10172456886	1.987629768992946
17404.12396900775	3.743134920582662
17415.14621344664	2.63442110443836
17426.16845788553	2.565063071579502
17437.19070232442	2.536032084479544
17448.21294676331	1.205037167776993
17459.2351912022	-0.1167084297886021
17470.25743564109	3.077561010038721
17481.27968007998	2.494064740160198
17492.30192451887	-1.264208026760215
17503.32416895776	-4.158499770518546
17514.34641339665	-6.966537002884152
17525.36865783554	-7.089283744265757
17536.39090227443	-4.608879050795991
17547.41314671332	-5.46826084133933
17558.43539115221	-2.727188257349283
17569.4576355911	-1.226934902661526
17580.47988002999	-4.926151513689646
17591.50212446888	-0.3264706275173666
17602.52436890777	1.56779495423217
17613.54661334667	4.527197627926114
17624.56885778555	4.923193080572787
17635.59110222444	4.809758715188906
17646.61334666333	5.097569756683555
17657.63559110223	4.930490732636045
17668.65783554111	3.626105984454426
17679.68007998	4.53086414767219
17690.7023244189	6.650791381381836
17701.72456885779	8.981506392474017
17712.74681329668	9.96271356096743
17723.76905773557	9.790022244761744
17734.79130217446	9.822954836044062
17745.81354661335	10.03833340966729
17756.83579105224	8.701244152891604
17767.85803549113	8.197803739317365
17778.88027993002	9.567481285190112
17789.90252436891	8.895649838061985
17800.9247688078	7.081481886095915
17811.94701324669	2.898058526862002
17822.96925768558	2.716583501012934
17833.99150212447	2.969105727892313
17845.01374656336	4.761788103598832
17856.03599100225	5.289919113384627
17867.05823544114	4.323217465347852
17878.08047988003	6.154192828302484
17889.10272431892	5.650136796996463
17900.12496875781	5.655690389345338
17911.1472131967	3.916063036518707
17922.16945763559	3.369519477931533
17933.19170207448	4.496692671288699
17944.21394651337	4.956042317766077
17955.23619095226	4.780135041032523
17966.25843539115	5.386509276966137
17977.28067983004	5.190366063376487
17988.30292426893	4.288502329667679
17999.32516870782	2.295492659769351
18010.34741314671	0.2134856390669881
18021.3696575856	3.091136630881195
18032.39190202449	4.91870133357871
18043.41414646338	5.344006140738955
18054.43639090228	7.461018403193236
18065.45863534117	7.84542723167948
18076.48087978005	5.539327481426639
18087.50312421895	4.393262326609815
18098.52536865784	4.607161716568257
18109.54761309673	6.008434774126783
18120.56985753561	4.806310543945514
18131.59210197451	3.439623254558271
18142.6143464134	1.356608598453221
18153.63659085229	-2.616684839470253
18164.65883529118	-9.227149623968813
18175.68107973007	-5.880803654022827
18186.70332416896	-6.252746954395406
18197.72556860785	-4.20683030006478
18208.74781304674	-3.504200632087233
18219.77005748563	-5.147936336620219
18230.79230192452	-11.5412829547393
18241.81454636341	-11.01771074934247
18252.8367908023	-8.911559197120923
18263.85903524119	-9.600292272526602
18274.88127968008	-5.831516221798239
18285.90352411897	-5.838927920760625
18296.92576855786	-4.318947380268412
18307.94801299675	-5.065812932713669
18318.97025743564	-6.656876702549113
18329.99250187453	-6.404524728470989
18341.01474631342	-6.936810368760376
18352.03699075231	-2.807683172715969
18363.0592351912	0.3472963006276188
18374.08147963009	-1.344360744616381
18385.10372406898	-4.994976899902269
18396.12596850787	-21.86865258857877
18407.14821294676	-9.98594815559359
18418.17045738566	-10.77685818509266
18429.19270182454	-15.99762677715084
18440.21494626343	-14.99645563185153
18451.23719070233	-4.285644144985028
18462.25943514122	-0.3784278524200033
18473.2816795801	-0.06610436546191067
18484.303924019	1.584930544887129
18495.32616845789	1.975944285760704
18506.34841289678	2.839211311360899
18517.37065733566	3.295491174519682
18528.39290177456	2.633548342886414
18539.41514621345	0.733319176782004
18550.43739065234	0.02850504374583807
18561.45963509123	-0.1459984037019666
18572.48187953012	-0.6737996815155611
18583.50412396901	-0.1818897029608877
18594.5263684079	0.3322972699861566
18605.54861284679	1.889677395501721
18616.57085728568	2.277156480084443
18627.59310172457	0.2529565165604595
18638.61534616346	-2.590942825838226
18649.63759060235	-2.39802354293802
18660.65983504124	-7.699370317659145
18671.68207948013	-3.449529061962281
18682.70432391902	-0.127055356736534
18693.72656835791	1.383094608170211
18704.7488127968	-0.7849401438676011
18715.77105723569	-2.46704216569384
18726.79330167458	-2.113428541467613
18737.81554611347	-2.228961589506198
18748.83779055236	-0.7100038540060183
18759.86003499125	-2.220098018238559
18770.88227943014	-6.424051305831938
18781.90452386903	-10.81088161671539
18792.92676830792	-11.23937197730029
18803.94901274681	-8.536915526277767
18814.97125718571	-7.038081516729179
18825.99350162459	-4.3221843061648
18837.01574606348	-0.9861773254945376
18848.03799050238	0.1692474865412237
18859.06023494127	0.2210450253126339
18870.08247938015	0.6533991424220318
18881.10472381904	0.1012134059770631
18892.12696825794	0.0677388600772133
18903.14921269683	-0.9267433724918703
18914.17145713572	-3.212390944627714
18925.19370157461	-3.30701409471888
18936.2159460135	-0.723781499211583
18947.23819045239	-1.838063819527292
18958.26043489128	-0.9694209311753355
18969.28267933017	-0.2406743907427256
18980.30492376906	-0.5095579577633202
18991.32716820795	-3.116456076838517
19002.34941264684	-10.02808407296497
19013.37165708573	-13.62524291057467
19024.39390152462	-11.60865907202688
19035.41614596351	-11.76784014528151
19046.4383904024	-10.24267235395413
19057.46063484129	-23.07748509825558
19068.48287928018	-20.41508812417646
19079.50512371907	-13.64481020586551
19090.52736815796	-11.220698946193
19101.54961259685	-10.21094136158285
19112.57185703574	-10.772068964498
19123.59410147463	-10.22703124047241
19134.61634591352	-7.244230201749076
19145.63859035241	-5.410255987803865
19156.6608347913	-5.46579591490098
19167.68307923019	-4.475231911971349
19178.70532366908	-4.755172469307283
19189.72756810797	-4.5630551460319
19200.74981254686	-4.056494287170864
19211.77205698576	-4.118190512406144
19222.79430142464	-7.737365645489902
19233.81654586353	-13.46167203211451
19244.83879030242	-8.636497862867998
19255.86103474132	-10.86451445094883
19266.88327918021	-8.147134053655265
19277.90552361909	-5.692483536127668
19288.92776805799	-3.450696339789289
19299.95001249688	-4.646337635690003
19310.97225693577	-7.846948424340127
19321.99450137466	-12.67777517790927
19333.01674581355	-12.99628523684953
19344.03899025244	-22.84346216176401
19355.06123469133	-15.7508609482629
19366.08347913022	-11.42875863530391
19377.10572356911	-8.820644615875338
19388.127968008	-7.994774394802434
19399.15021244689	-7.913074608709096
19410.17245688578	-9.697596388982561
19421.19470132467	-11.5635157716322
19432.21694576356	-10.28393503138793
19443.23919020245	-14.02690494605379
19454.26143464134	-16.64894050116291
19465.28367908023	-14.43773505378113
19476.30592351912	-8.862832190215471
19487.32816795801	-6.238779553798651
19498.3504123969	-4.976602023460671
19509.37265683579	-3.795163967931956
19520.39490127468	-1.224987762654763
19531.41714571357	-1.485242359496652
19542.43939015246	-3.918495106644968
19553.46163459135	-4.199379670611279
19564.48387903024	-5.713942796961561
19575.50612346913	-7.954139984756821
19586.52836790802	-12.10981803524328
19597.55061234691	-7.270636094243784
19608.5728567858	-4.681830563074385
19619.5951012247	-6.502277598235011
19630.61734566358	-6.827410253454531
19641.63959010247	-9.218919661404215
19652.66183454137	-15.53235620622962
19663.68407898026	-18.43492692370192
19674.70632341914	-16.94187577884816
19685.72856785804	-12.20334568385883
19696.75081229693	-8.678074361042349
19707.77305673582	-6.330476587846704
19718.7953011747	-5.735865923961128
19729.8175456136	-6.869826457473579
19740.83979005249	-5.717975772271444
19751.86203449138	-6.245892993347098
19762.88427893027	-6.718542749775196
19773.90652336916	-8.614793683393899
19784.92876780805	-12.92492813762678
19795.95101224694	-18.06455446517154
19806.97325668583	-13.4315739516307
19817.99550112472	-17.06957166708335
19829.01774556361	-7.015787448015956
19840.0399900025	-4.742341758472094
19851.06223444139	-4.37243386423259
19862.08447888028	-4.680702270116228
19873.10672331917	-3.874501315188738
19884.12896775806	-3.517220528227256
19895.15121219695	-5.384018812153627
19906.17345663584	-11.73091429438367
19917.19570107473	-9.88679810503541
19928.21794551362	-9.390033107175086
19939.24018995251	-5.310553126789642
19950.2624343914	-4.701927229524117
19961.28467883029	-5.206759025838025
19972.30692326918	-6.434650969675602
19983.32916770807	-7.787142972794939
19994.35141214696	-10.44432209049324
20005.37365658585	-19.19313542149285
20016.39590102475	-35.1294876527959
20027.41814546363	-38.37265431214425
20038.44038990252	-41.400261915946
20049.46263434142	-44.29414343984456
20060.48487878031	-45.87874148730253
20071.50712321919	-46.38973815938715
20082.52936765808	-48.05079124167722
20093.55161209698	-48.86331356994646
20104.57385653587	-49.11241067564529
20115.59610097476	-51.31010294652302
20126.61834541365	-53.41054548360788
20137.64058985254	-50.18943226403292
20148.66283429143	-50.22774868299791
20159.68507873032	-52.53682150533143
20170.70732316921	-54.85507909202457
20181.7295676081	-52.35334313208639
20192.75181204699	-52.5892342369043
20203.77405648588	-53.67504037635089
20214.79630092477	-51.26410302718881
20225.81854536366	-52.53968648611681
20236.84078980255	-58.11119186856314
20247.86303424144	-55.92986323513662
20258.88527868033	-51.17452564661062
20269.90752311922	-54.39757009663052
20280.92976755811	-59.80125236565027
20291.952011997	-51.49660067369487
20302.97425643589	-50.52359315620012
20313.99650087478	-53.90546968728
20325.01874531367	-56.6129589528814
20336.04098975256	-49.97349626844954
20347.06323419145	-49.1389982322259
20358.08547863034	-59.12847286860656
20369.10772306923	-52.99183433967715
20380.12996750812	-49.50346620811629
20391.15221194701	-51.30032617727582
20402.1744563859	-59.54644146882652
20413.1967008248	-53.53274476423786
20424.21894526368	-50.50837298568092
20435.24118970257	-55.17348631200684
20446.26343414146	-56.62193576869595
20457.28567858036	-52.36539724352522
20468.30792301925	-53.77556440476556
20479.33016745813	-57.30905978769488
20490.35241189703	-52.7554623527933
20501.37465633592	-51.43132166108214
20512.39690077481	-52.62872519956028
20523.4191452137	-58.53474919845269
20534.44138965259	-54.44576082377085
20545.46363409148	-53.44290751732063
20556.48587853037	-55.27702228714824
20567.50812296926	-53.86928231135559
20578.53036740815	-52.83336951973303
20589.55261184704	-54.08555959502124
20600.57485628593	-54.05838155705976
20611.59710072482	-52.23869034193009
20622.61934516371	-53.68375164109395
20633.6415896026	-55.59455783941377
20644.66383404149	-53.38612343927213
20655.68607848038	-52.02981758112455
20666.70832291927	-54.65903927199929
20677.73056735816	-56.83848818248146
20688.75281179705	-52.67185761414891
20699.77505623594	-52.52788583140548
20710.79730067483	-53.85770887400443
20721.81954511372	-55.69464653334552
20732.84178955261	-52.87373850390691
20743.8640339915	-52.1714334876697
20754.88627843039	-55.27926318705653
20765.90852286928	-54.97433728158117
20776.93076730817	-54.7695440693463
20787.95301174706	-52.71623596839027
20798.97525618595	-51.90398466224963
20809.99750062484	-54.36177507503911
20821.01974506374	-55.33577174710206
20832.04198950262	-53.2758562035572
20843.06423394151	-53.79664613303402
20854.08647838041	-56.36123028377
20865.1087228193	-52.82294540213317
20876.13096725818	-51.04890905444282
20887.15321169708	-52.36245310079102
20898.17545613597	-57.42747981430648
20909.19770057486	-53.20384236277908
20920.21994501375	-51.40938629496253
20931.24218945264	-54.49399162514692
20942.26443389153	-57.63260184749674
20953.28667833042	-52.23814280332738
20964.30892276931	-52.05191687164265
20975.3311672082	-55.88051082878607
20986.35341164709	-56.19153283986486
20997.37565608598	-50.66842255353268
21008.39790052487	-52.37847406517903
21019.42014496376	-57.68231546770954
21030.44238940265	-54.25888716791371
21041.46463384154	-51.77891072422906
21052.48687828043	-54.83388866167306
21063.50912271932	-54.81983056323526
21074.53136715821	-53.62779214723693
21085.5536115971	-54.08155206704743
21096.57585603599	-54.49809145746076
21107.59810047488	-52.10206614552501
21118.62034491377	-52.57749837750558
21129.64258935266	-55.30241618680219
21140.66483379155	-56.51792904439927
21151.68707823044	-51.79774562347723
21162.70932266933	-51.23825823587578
21173.73156710822	-56.97793592808986
21184.75381154711	-53.99075292001589
21195.776055986	-51.62287109717417
21206.79830042489	-54.12084214809408
21217.82054486379	-56.81718137063189
21228.84278930267	-52.78907817491421
21239.86503374156	-52.54014627825836
21250.88727818046	-55.09568118441959
21261.90952261935	-55.48560644985523
21272.93176705823	-51.5705963152015
21283.95401149713	-52.87883019786139
21294.97625593602	-55.74621012248414
21305.99850037491	-54.89663519080239
21317.0207448138	-51.87005152759039
21328.04298925269	-53.93101069772723
21339.06523369158	-56.32795881794368
21350.08747813047	-53.57598792179132
21361.10972256936	-52.6533853033572
21372.13196700825	-54.94796120198853
21383.15421144714	-54.39088766208732
21394.17645588603	-52.85998725027295
21405.19870032492	-53.21775920818757
21416.22094476381	-53.93951958862661
21427.2431892027	-53.86553920613173
21438.26543364159	-54.11641351616782
21449.28767808048	-53.83540834461559
21460.30992251937	-52.93683366860006
21471.33216695826	-52.56356840584849
21482.35441139715	-53.81898621201148
21493.37665583604	-54.94721824862484
21504.39890027493	-53.69474015643016
21515.42114471382	-53.13600882208965
21526.44338915271	-54.76913511262086
21537.4656335916	-53.68836425696855
21548.48787803049	-53.16384235855284
21559.51012246938	-53.87003617213642
21570.53236690827	-54.31606811404342
21581.55461134716	-53.45628644791867
21592.57685578605	-53.44137176301709
21603.59910022494	-54.04099182976748
21614.62134466384	-53.74804134213753
21625.64358910272	-53.46587386325493
21636.66583354161	-54.0659945737608
21647.68807798051	-53.98539585291473
21658.7103224194	-53.17952526283409
21669.73256685829	-53.76591765104212
21680.75481129717	-53.93224097537927
21691.77705573607	-53.51756400571827
21702.79930017496	-53.79948192145486
21713.82154461385	-53.98044321887943
21724.84378905274	-53.54016101696695
21735.86603349163	-53.56263039118275
21746.88827793052	-54.43398069650056
21757.91052236941	-54.95522619702496
21768.9327668083	-52.92122647562127
21779.95501124719	-52.12188493856792
21790.97725568608	-55.4177699730659
21801.99950012497	-54.44202665302558
21813.02174456386	-52.49335908820586
21824.04398900275	-53.42263748991809
21835.06623344164	-55.03268673259302
21846.08847788053	-53.54528771424904
21857.11072231942	-53.07434775536495
21868.13296675831	-54.11227306528883
21879.1552111972	-54.22734535602513
21890.17745563609	-53.17658439511058
21901.19970007498	-53.41599869522014
21912.22194451387	-55.12724932320035
21923.24418895276	-53.19554712883226
21934.26643339165	-52.47267351824686
21945.28867783054	-55.15091247975187
21956.31092226943	-54.75947153905295
21967.33316670832	-52.51359271150403
21978.35541114721	-53.08545856038759
21989.3776555861	-55.39041657193286
22000.39990002499	-53.89836739290365
22011.42214446389	-52.72354176517717
22022.44438890278	-53.63275599798675
22033.46663334166	-54.51845036531094
22044.48887778055	-52.89976257279503
